Ed25519
58
42
41
41
41
47
41
61
41
41
41
46
41
108
59
111
61
55
109
66
42
110
110
62
114
118
121
52
42
46
43
42
42
41
41
45
41
42
46
109
42
47
108
108
109
53
44
107
146
66
61
48
48
41
41
41
138
47
43
109
47
42
41
48
41
46
41
41
42
41
47
42
42
42
42
113
80
48
61
108
51
108
47
41
42
41
41
42
47
41
42
67
56
44
41
42
42
42
41
42
41
41
41
41
47
41
42
48
41
44
50
44
45
44
45
55
47
50
50
50
55
50
50
50
50
53
50
71
50
50
53
56
50
50
51
57
47
42
47
51
51
54
50
51
50
50
52
50
51
108
55
55
50
50
51
50
54
51
70
50
50
55
51
108
54
50
53
109
52
51
53
56
54
54
55
54
54
62
109
55
54
54
58
51
51
51
144
55
50
50
52
47
48
51
50
55
50
50
50
51
54
50
52
52
51
52
41
41
49
51
50
50
49
49
50
54
50
50
51
50
54
108
48
109
52
55
50
49
50
50
55
52
50
50
50
50
111
47
45
41
41
41
47
42
41
41
41
41
41
42
41
41
47
109
56
82
50
51
50
50
54
52
51
52
50
50
50
110
55
52
49
50
50
53
55
51
51
50
50
50
54
50
64
50
52
55
55
55
54
54
59
54
53
54
54
54
59
53
74
60
54
59
54
54
54
58
54
56
54
54
55
54
54
54
61
54
54
54
54
58
54
53
54
51
50
50
50
49
54
50
50
51
50
54
50
60
50
55
50
53
77
55
50
53
50
50
50
51
54
50
51
50
51
50
50
51
50
50
55
53
50
53
54
50
50
51
51
54
50
52
51
50
55
55
53
50
50
51
56
51
70
50
50
54
50
50
51
50
53
49
55
51
54
54
53
50
51
51
50
50
51
51
52
71
53
58
50
54
51
51
54
54
75
51
50
53
50
50
50
50
54
50
51
50
50
110
67
108
113
161
58
54
54
54
54
71
54
54
110
61
110
58
54
54
54
58
54
54
55
55
75
50
55
55
54
54
79
54
55
54
51
50
50
54
50
50
50
51
55
50
51
146
54
54
50
50
50
50
54
87
51
51
51
54
50
52
50
50
55
50
51
50
50
54
50
50
50
50
50
54
50
69
50
50
54
50
49
50
50
55
50
50
50
50
78
50
56
50
50
50
50
50
50
54
51
50
50
55
54
53
51
50
50
54
51
50
50
50
55
50
67
50
50
54
50
51
54
120
108
53
108
115
137
111
74
109
45
75
41
44
50
41
41
44
47
87
42
41
41
41
50
45
44
47
63
47
51
51
49
47
54
50
50
50
50
63
50
50
51
78
53
54
54
52
50
53
50
51
50
50
54
50
50
50
56
55
50
50
50
55
59
82
54
55
54
59
61
50
50
54
50
54
51
52
50
50
52
50
50
50
50
54
56
50
50
50
53
51
50
51
51
56
50
50
50
81
58
59
54
70
54
58
55
55
54
54
54
54
111
56
57
55
59
140
72
49
60
109
111
108
110
110
110
49
41
41
41
42
47
107
108
110
50
41
42
41
41
46
41
41
41
41
47
41
52
53
108
110
107
49
41
41
56
41
44
110
110
42
41
47
108
109
146
48
42
42
109
108
137
48
109
110
146
111
110
112
113
110
109
109
111
109
112
112
113
109
108
108
111
109
74
42
42
109
109
108
48
108
108
111
110
110
109
111
109
112
49
42
110
44
110
56
110
150
43
111
109
109
49
47
42
41
41
42
109
48
48
42
42
42
41
46
41
41
41
41
47
45
41
136
111
108
43
109
49
48
42
41
41
41
45
41
42
45
41
41
43
157
109
56
109
49
41
41
41
41
41
41
41
42
41
41
48
42
42
141
49
110
111
47
108
111
48
41
41
41
41
47
42
41
41
60
42
47
42
109
156
67
60
41
41
41
47
41
41
48
41
48
54
41
42
41
42
112
111
66
67
41
41
41
42
41
47
42
48
110
42
47
42
42
41
110
112
60
111
43
49
41
41
41
41
48
47
41
41
41
41
41
42
42
48
109
109
61
42
51
83
50
108
139
42
47
41
41
41
41
50
48
43
41
41
41
47
41
41
48
41
41
47
42
41
41
41
47
41
41
41
51
42
46
41
41
41
55
41
47
41
41
44
44
54
47
58
49
50
51
50
79
50
52
57
55
51
50
50
54
53
55
55
55
56
54
54
54
67
51
56
58
50
50
49
54
54
54
55
59
55
54
54
54
54
50
108
51
54
50
53
50
51
55
50
50
50
50
54
51
51
50
68
50
55
50
110
92
51
56
60
54
54
50
52
50
50
51
72
55
51
51
51
51
54
51
50
51
108
56
50
50
50
50
55
50
50
51
50
77
54
50
56
50
49
51
49
70
51
51
55
51
51
51
50
56
54
81
50
50
50
50
51
51
50
52
54
51
50
69
50
52
50
50
50
50
67
109
50
50
50
50
52
55
53
54
54
54
54
54
54
53
59
76
50
50
53
58
54
62
54
60
54
54
50
51
54
50
51
51
50
55
50
54
50
108
108
48
55
55
50
50
50
50
54
50
55
47
48
53
55
47
46
75
50
54
51
50
50
50
53
51
51
50
50
51
54
47
44
41
46
47
49
47
47
47
56
51
44
45
44
44
41
41
47
41
41
41
41
41
50
41
41
58
42
50
44
48
47
47
54
49
54
56
47
47
47
46
109
47
47
55
50
50
50
53
73
50
50
50
50
55
54
51
109
53
55
56
51
50
51
50
55
54
55
54
54
60
55
111
121
145
110
56
45
44
44
45
50
45
47
47
48
53
48
117
110
47
46
46
47
46
47
47
54
51
51
50
50
54
50
50
50
51
54
50
50
50
50
49
53
50
50
50
49
53
50
49
50
50
53
50
50
50
50
109
69
57
53
54
65
55
58
55
54
54
56
58
54
53
61
54
56
60
54
56
41
54
54
54
51
53
51
50
51
51
55
50
50
51
50
51
54
50
48
41
41
46
41
41
41
41
41
60
41
47
49
51
50
52
50
52
50
51
54
108
110
108
110
108
43
42
111
108
48
46
44
42
42
41
41
108
48
111
109
43
47
41
41
41
41
41
46
42
42
41
41
41
42
41
49
44
142
48
108
43
42
41
47
41
41
44
44
47
44
41
42
42
47
50
47
151
42
44
108
108
47
41
41
41
43
50
43
43
44
44
41
47
41
41
44
42
50
108
46
51
46
50
41
41
41
41
41
46
48
43
51
41
41
47
109
61
44
56
57
112
49
65
42
43
42
41
41
42
41
42
58
42
50
73
45
44
44
51
111
55
44
47
42
41
41
42
41
47
41
41
42
41
42
47
42
41
44
43
108
109
109
48
44
48
43
41
41
47
41
41
42
42
63
44
44
44
45
45
44
108
109
111
49
47
41
48
42
41
47
41
45
44
44
48
44
47
47
48
47
111
112
43
48
55
47
41
41
44
44
47
47
45
44
47
55
47
50
47
47
107
51
55
51
41
42
41
44
44
44
51
47
47
47
48
47
48
55
47
47
52
44
48
44
56
47
43
43
52
46
53
47
47
47
47
44
54
47
55
54
57
108
109
110
51
42
41
41
41
51
44
43
44
43
43
46
41
42
41
41
42
41
51
47
110
42
44
48
50
57
42
42
41
41
47
41
42
41
42
41
44
45
41
41
113
109
48
45
41
43
42
41
41
44
65
48
41
41
41
42
44
42
43
79
51
109
49
41
41
41
44
50
44
43
63
44
44
57
59
44
44
47
47
54
109
97
49
108
42
41
43
50
48
41
44
41
41
50
44
45
47
48
55
50
111
109
48
41
41
41
41
41
41
66
47
42
41
42
42
47
42
45
44
47
68
109
111
49
42
43
59
108
48
47
41
41
41
63
41
44
41
143
46
110
108
42
41
47
55
44
41
41
44
42
41
42
42
44
47
41
41
41
111
109
108
48
109
45
62
41
47
41
45
44
44
55
48
47
50
50
57
54
109
110
48
54
46
44
44
47
53
47
47
47
50
54
50
51
51
58
54
47
110
110
61
45
44
45
44
50
44
44
47
46
54
47
49
50
47
46
55
47
56
108
47
46
41
44
44
44
54
47
50
50
50
55
121
48
47
47
110
49
109
45
44
42
41
44
44
49
46
47
55
48
54
47
44
44
108
55
108
43
42
42
48
41
41
41
41
44
44
108
48
47
46
44
44
41
41
44
47
109
61
42
41
41
41
41
41
51
44
44
43
41
41
41
41
41
42
41
41
42
41
141
108
42
44
41
42
42
48
43
42
46
42
42
44
42
42
42
41
41
42
41
41
47
108
46
140
108
48
41
41
41
108
48
47
41
41
41
42
109
48
41
41
41
110
109
109
46
108
45
47
41
145
42
42
47
41
58
41
41
41
41
44
44
44
109
108
109
49
41
48
44
41
41
41
43
60
44
50
44
46
47
47
54
53
51
56
51
44
44
44
43
52
47
109
42
42
44
50
71
47
48
50
54
55
51
108
110
49
47
45
44
43
42
46
41
42
42
41
47
41
47
50
109
56
45
66
44
45
47
47
47
50
54
56
109
49
53
44
45
52
44
54
47
47
46
47
53
50
52
50
51
91
48
51
49
51
47
48
47
49
59
47
51
51
50
54
50
50
57
55
52
48
85
50
60
42
44
44
51
44
47
46
47
70
47
50
57
49
48
51
45
55
110
50
41
41
43
43
44
41
47
43
44
41
43
41
41
41
41
43
41
110
46
51
110
43
109
46
60
44
41
41
41
41
42
48
41
41
42
42
48
44
49
43
41
108
42
42
47
42
111
42
42
47
41
43
43
41
49
41
44
44
47
57
48
44
44
47
42
58
49
46
43
42
44
51
41
43
43
46
44
52
45
44
46
44
46
44
53
57
109
108
42
47
41
42
41
41
41
44
43
44
45
47
52
48
46
44
62
54
41
50
108
47
42
47
41
42
44
44
53
48
47
47
44
50
47
43
43
55
41
108
109
51
48
42
41
43
47
41
44
44
108
49
48
44
41
41
41
42
46
41
41
90
43
109
146
42
48
41
41
41
41
41
55
41
41
43
41
48
47
41
41
41
44
109
49
48
42
55
44
42
42
47
41
108
48
42
42
42
48
41
41
61
42
109
80
46
44
52
111
55
111
47
110
47
108
45
108
48
46
109
114
42
109
73
48
110
110
107
48
48
111
42
43
42
47
108
109
43
112
111
140
71
43
110
111
109
83
107
56
111
55
109
109
114
111
109
111
109
107
108
107
108
109
108
109
109
108
109
108
111
109
110
108
107
107
69
43
106
108
107
48
139
109
108
110
59
56
48
108
42
42
108
108
110
108
108
110
109
70
47
41
41
49
108
111
141
138
108
107
108
108
48
110
109
120
87
48
110
108
108
108
74
108
109
107
137
107
108
46
43
108
143
48
107
110
123
125
109
144
108
111
110
48
42
108
108
110
143
84
109
110
109
109
112
108
65
48
42
108
109
43
46
42
42
47
109
108
135
141
44
108
108
110
109
43
42
110
109
72
108
43
107
109
46
81
117
49
107
42
42
62
48
111
42
42
44
110
48
42
42
73
107
108
109
49
41
111
110
110
137
109
108
108
108
108
109
109
53
42
42
43
43
46
41
41
41
64
49
43
109
109
109
109
110
49
42
112
43
43
47
44
48
42
41
42
47
42
41
42
41
43
47
41
42
41
41
47
42
42
44
41
41
46
40
41
119
41
44
41
44
45
41
46
107
111
42
109
220
109
48
42
42
41
41
46
41
43
41
41
41
53
47
43
49
41
43
44
41
41
41
41
51
41
41
57
41
44
49
41
41
41
43
48
49
41
41
42
41
48
43
42
42
44
110
49
108
41
41
41
44
46
41
50
53
41
46
41
43
41
41
50
50
56
47
49
53
50
50
50
50
50
54
51
70
46
50
53
50
50
50
52
55
59
50
51
52
53
50
53
50
53
53
55
54
52
50
51
51
53
55
55
50
52
52
56
47
50
43
108
47
69
99
44
48
44
43
43
44
41
46
43
57
44
44
44
47
44
41
43
43
41
48
44
41
44
55
43
44
54
49
47
54
51
63
52
51
53
50
55
54
50
50
52
47
50
75
50
50
53
50
50
53
53
50
55
54
50
50
49
52
50
77
50
51
50
54
50
55
50
51
53
50
54
51
50
50
50
51
53
50
50
50
53
50
50
53
50
54
52
50
50
72
54
50
50
50
50
49
49
50
53
49
50
50
53
49
50
52
53
56
50
49
52
50
50
50
50
50
50
52
50
50
49
50
51
53
49
53
41
41
50
47
52
50
52
54
50
51
49
81
55
53
53
50
54
54
58
51
54
54
50
55
171
50
53
53
54
49
53
50
50
69
52
52
50
50
54
50
48
49
47
47
51
56
56
52
50
50
50
50
47
57
49
47
69
47
47
43
42
47
41
41
109
42
41
46
44
47
45
44
45
50
46
46
43
46
73
44
46
46
41
43
41
41
41
44
46
41
108
42
41
43
49
43
49
43
43
53
49
41
43
41
43
43
42
46
111
50
109
109
114
50
41
41
41
183
48
42
43
41
43
46
41
41
41
48
41
49
41
41
41
42
41
41
50
41
41
41
109
49
41
41
41
41
47
62
41
46
41
41
110
47
41
41
62
42
44
41
44
45
43
41
47
42
41
41
44
44
49
43
72
42
61
43
42
42
44
42
110
42
47
41
41
44
41
50
44
73
47
47
54
47
49
49
47
44
46
43
45
43
110
44
53
50
47
47
53
57
50
51
50
50
54
50
50
46
47
108
51
50
48
72
45
107
109
52
44
44
47
49
52
50
50
55
47
49
54
46
44
43
43
56
43
43
48
61
41
41
41
71
45
47
47
49
54
46
48
47
45
44
43
49
41
41
43
41
109
62
44
56
58
53
70
49
49
47
68
47
61
49
48
44
43
46
41
41
42
41
41
41
60
41
45
41
41
41
44
57
47
41
47
46
108
110
161
108
109
49
43
47
55
60
41
43
43
42
43
43
44
45
46
47
55
46
44
54
55
57
66
58
41
43
43
41
48
50
47
41
41
42
43
43
51
47
43
44
46
47
47
43
46
43
43
53
60
54
54
47
44
41
60
41
43
41
41
41
40
43
41
41
41
46
46
47
46
49
59
47
54
50
57
43
87
58
48
69
49
51
51
51
52
74
50
61
54
57
54
53
56
50
49
50
50
70
55
51
49
68
57
53
51
50
55
59
54
54
56
57
58
53
50
52
50
50
56
49
50
49
46
68
49
108
56
47
56
48
57
47
49
44
50
44
46
43
46
51
50
60
44
43
42
42
41
44
41
41
42
41
41
48
41
41
43
48
43
43
45
41
43
44
43
56
47
47
43
41
41
50
43
47
41
44
47
46
55
46
47
47
49
54
46
46
47
44
44
44
51
44
44
41
43
50
44
47
47
47
56
48
50
50
68
52
51
56
49
50
50
54
50
52
48
41
42
48
42
41
110
49
54
50
50
52
51
53
51
50
51
51
51
55
53
50
111
47
52
49
50
51
51
56
50
50
50
53
50
53
50
50
46
47
56
56
47
46
46
46
61
54
47
108
56
51
52
50
50
70
49
54
50
50
53
50
50
54
54
51
42
41
50
57
89
51
50
50
57
50
51
53
57
51
53
47
46
47
46
54
47
48
47
55
49
47
63
51
50
57
51
52
54
54
59
54
60
55
56
58
52
50
54
51
52
59
83
52
51
53
60
54
57
56
53
58
56
53
57
53
54
61
56
54
51
53
53
51
52
50
60
54
53
54
55
56
53
54
54
54
55
50
53
50
53
50
53
52
41
41
58
47
43
46
46
48
50
49
50
50
53
50
55
50
56
53
108
56
50
50
50
51
55
53
67
50
50
54
50
50
50
50
50
52
50
51
54
56
54
82
53
50
50
50
53
50
50
50
50
53
53
50
50
108
56
80
52
53
51
50
55
57
50
52
50
50
54
50
50
50
50
55
54
51
53
55
50
51
54
54
51
50
50
51
52
51
51
68
54
53
52
50
52
120
61
60
54
54
54
50
79
47
42
42
57
51
52
53
53
50
50
138
56
108
108
51
58
54
55
55
49
52
56
54
55
54
54
51
50
50
86
50
51
50
54
53
53
52
52
51
50
50
49
41
43
41
42
42
49
41
41
43
51
111
48
48
42
42
44
42
42
47
41
43
42
41
41
41
111
45
47
41
43
41
43
142
45
42
41
64
44
43
46
44
42
43
47
41
41
41
47
41
51
54
43
43
41
41
46
42
44
52
44
74
44
44
42
69
41
41
43
41
41
43
45
41
41
41
41
44
44
46
47
46
108
43
52
69
41
44
46
44
43
41
41
57
41
41
41
41
44
42
43
108
48
41
43
51
48
41
41
41
44
75
43
46
47
43
43
46
56
109
55
55
61
110
42
48
41
41
41
41
62
41
41
43
111
84
46
46
44
43
44
50
74
44
41
42
44
44
44
44
47
56
49
47
45
43
50
65
62
41
41
44
41
48
42
47
41
41
42
42
43
47
41
42
44
44
55
47
47
49
47
49
47
47
44
44
41
41
41
47
55
41
41
41
41
41
46
41
41
41
44
41
76
41
44
43
44
41
43
45
41
42
43
42
41
43
41
42
41
47
41
47
41
41
43
41
41
47
41
48
41
41
41
54
41
41
41
41
41
47
43
43
46
42
41
43
41
56
42
44
41
41
43
41
47
42
53
41
43
41
42
41
43
41
41
57
41
41
41
48
41
41
41
108
49
43
43
42
41
47
81
41
42
41
50
41
43
43
41
43
41
41
41
41
42
41
41
111
50
41
41
43
43
53
44
44
43
41
43
41
41
43
41
41
41
41
43
41
49
43
41
41
41
41
41
48
49
41
43
41
45
57
44
42
41
41
41
44
41
41
44
44
43
48
49
41
41
41
43
43
48
47
44
41
41
44
47
42
42
41
41
47
42
41
41
41
41
41
53
47
43
41
41
43
43
41
48
42
47
41
108
47
42
50
41
42
44
41
44
55
48
42
44
41
41
43
44
44
42
44
43
41
63
41
41
44
47
41
48
44
41
41
47
44
43
41
44
41
44
45
41
42
41
41
42
41
47
47
43
43
43
43
56
48
43
41
43
42
44
44
44
48
47
44
50
43
43
41
66
41
41
47
42
41
43
109
90
44
42
42
43
47
45
60
44
46
54
46
49
51
49
44
45
46
44
41
41
41
54
41
70
49
50
42
48
42
44
44
49
51
49
47
67
50
58
53
50
47
108
47
54
56
46
49
47
46
54
49
50
50
50
54
53
50
53
70
53
54
47
47
47
49
47
51
92
47
43
42
41
47
49
41
41
47
46
51
50
50
55
50
54
50
53
51
50
55
56
50
50
50
52
50
51
52
50
53
51
50
50
50
50
54
51
50
54
55
73
55
54
50
54
54
54
54
57
54
58
107
54
54
58
57
54
54
57
54
57
62
56
55
54
54
59
54
54
54
58
54
58
58
64
53
57
54
57
57
53
53
74
54
50
56
56
56
53
55
56
54
54
54
54
58
112
54
54
109
61
59
80
56
57
75
54
61
64
102
64
109
51
51
68
46
41
41
41
41
50
44
44
47
44
52
112
47
41
44
44
45
51
45
48
47
47
47
49
47
47
45
46
44
44
41
45
41
41
74
54
43
43
43
53
59
42
41
41
47
44
41
41
41
41
46
41
41
41
56
41
41
47
41
41
123
58
42
43
74
47
52
58
43
42
42
44
43
47
49
44
44
47
47
47
67
44
54
43
41
63
49
41
41
41
43
42
46
41
43
44
44
46
71
46
46
49
50
53
59
110
42
41
48
47
41
42
42
43
110
49
48
41
42
41
41
45
42
165
56
55
53
50
50
52
50
54
111
56
47
46
51
51
54
50
54
61
51
59
57
54
55
54
51
54
47
47
55
47
49
49
41
54
57
53
50
107
54
54
49
50
50
54
51
50
50
50
50
54
53
53
53
55
41
46
47
50
55
51
54
50
50
50
49
47
54
44
46
57
41
41
41
41
49
43
41
69
41
41
52
46
42
43
44
44
51
48
58
58
47
55
50
49
48
47
44
50
44
46
41
41
41
43
54
50
41
43
58
41
46
50
43
46
60
46
43
41
46
48
43
41
41
41
42
47
41
41
41
60
108
47
47
41
43
43
42
47
43
43
42
56
44
43
47
41
41
41
42
41
43
55
42
41
41
48
57
111
50
41
43
41
41
41
44
42
41
42
41
47
41
43
43
41
41
54
49
41
49
44
41
43
47
43
41
41
41
51
46
45
44
47
55
65
50
56
50
54
50
71
50
50
49
54
47
47
47
47
58
51
50
51
53
54
50
51
49
50
50
60
52
53
50
66
47
76
44
44
51
47
47
51
53
54
50
51
50
51
55
51
51
68
50
50
52
47
47
47
47
47
54
47
51
51
51
54
51
50
50
50
52
50
50
50
50
53
56
50
50
53
50
50
51
50
50
50
50
54
50
52
109
56
52
50
50
50
50
52
53
50
50
50
50
49
54
49
52
50
50
52
69
52
52
50
54
51
51
53
50
50
54
50
50
51
50
76
47
41
41
41
41
44
44
41
41
41
47
41
41
43
67
43
49
43
43
57
42
41
41
47
54
43
41
47
47
54
53
69
50
51
53
52
50
50
49
52
52
50
47
47
43
43
42
53
44
41
41
46
46
45
56
50
48
50
53
54
50
52
50
53
62
53
47
47
45
44
46
41
50
55
42
41
46
50
43
46
47
61
52
52
50
51
50
54
46
46
49
52
44
44
49
44
42
51
41
51
44
47
46
49
50
52
50
53
50
52
50
52
47
47
46
43
43
51
43
41
41
43
50
43
49
41
44
43
41
45
44
45
45
48
47
50
43
58
41
44
41
44
42
46
41
41
41
41
54
42
47
41
41
41
41
47
41
46
44
47
74
46
46
43
108
52
51
44
46
45
41
41
55
47
43
41
44
44
43
47
47
46
49
50
47
46
46
44
44
44
46
41
41
41
41
41
41
41
44
43
41
41
41
48
47
60
41
41
41
43
52
44
43
44
43
41
41
47
41
44
47
41
41
41
42
55
42
46
43
41
42
41
42
58
44
44
41
43
44
110
43
43
41
41
41
40
41
48
41
41
45
41
41
60
55
77
65
43
43
41
41
47
43
60
41
43
47
41
41
41
41
41
41
41
47
41
41
41
41
41
49
42
46
44
41
41
41
41
44
41
41
41
41
43
43
41
46
41
49
41
43
43
41
40
46
43
47
43
41
41
41
45
54
47
41
41
42
47
42
44
41
43
47
41
41
44
41
41
43
47
41
41
41
43
41
44
42
42
68
43
42
48
48
41
58
41
43
45
41
41
47
41
41
41
46
41
41
41
41
41
56
41
46
50
41
111
42
44
41
48
41
43
54
41
46
41
41
41
43
41
47
41
43
43
41
43
41
41
41
48
47
109
52
41
48
41
41
43
43
47
48
41
43
41
41
43
41
49
43
43
55
70
41
41
41
60
87
45
41
41
47
42
41
43
43
49
42
44
41
43
41
49
41
43
48
42
41
47
41
41
43
55
43
49
43
43
41
46
50
47
47
47
50
71
108
52
60
47
116
44
59
41
46
46
47
54
47
48
51
50
54
93
47
55
108
107
108
60
45
43
41
44
42
50
43
41
41
48
41
46
51
49
49
49
47
46
56
47
44
46
58
41
42
41
84
54
41
42
44
42
46
42
45
46
44
56
49
46
47
43
43
46
41
43
41
48
41
41
41
49
55
42
41
44
41
47
109
48
42
48
107
42
109
109
108
109
110
48
47
109
42
45
110
56
45
154
42
42
42
47
41
41
42
109
110
48
42
108
48
109
112
143
42
107
47
61
108
109
43
47
52
41
41
108
110
66
60
111
65
111
49
108
49
109
109
108
179
50
42
45
42
42
107
111
61
66
107
48
42
42
110
141
109
107
52
51
89
108
108
109
138
111
59
110
109
107
43
108
110
63
110
111
107
42
133
42
45
42
42
42
43
109
108
49
108
109
108
42
47
42
110
109
49
108
48
44
43
109
47
111
140
42
109
47
110
108
45
108
107
47
110
43
108
107
110
146
47
109
110
110
109
53
110
110
108
144
107
107
110
48
124
109
42
44
44
43
142
48
42
41
42
104
117
108
109
143
108
111
108
50
108
108
110
143
48
42
109
108
109
126
48
42
44
112
109
49
42
111
111
111
110
109
137
111
49
42
43
42
44
68
56
44
44
42
110
108
47
43
41
108
108
107
108
108
109
48
42
42
41
42
42
48
41
63
41
41
46
41
41
109
45
46
42
41
150
59
111
158
110
110
111
69
111
42
41
41
41
45
41
43
46
41
41
43
47
42
41
41
44
44
42
47
41
41
42
41
42
47
57
41
41
41
41
43
47
41
43
41
42
41
41
41
50
41
41
41
41
47
42
43
41
41
48
51
109
44
45
41
41
46
48
41
41
41
41
50
46
44
45
45
46
72
41
41
41
43
108
45
41
51
41
41
47
41
41
41
41
50
41
46
61
41
41
54
47
46
46
46
47
56
47
44
46
41
41
41
48
46
41
43
41
44
44
41
50
41
44
109
109
48
41
43
41
41
49
42
42
41
41
41
43
41
49
41
41
41
41
42
42
43
48
47
43
41
65
42
47
43
43
41
41
41
41
46
47
41
42
41
41
41
41
48
41
41
41
41
47
41
60
48
41
41
41
41
47
49
41
41
43
41
41
49
41
41
43
41
43
41
41
47
42
53
41
41
48
42
59
47
58
41
41
41
49
43
41
44
42
46
44
46
44
41
41
41
41
41
48
53
144
54
110
43
41
71
108
46
41
41
46
41
41
41
41
56
59
44
41
43
42
41
49
43
41
57
41
42
43
46
41
44
41
42
44
49
48
41
41
41
41
49
41
41
43
41
43
41
41
46
44
42
42
48
51
41
46
43
41
43
41
42
44
41
110
110
48
41
47
41
42
41
43
41
43
41
41
43
41
50
48
42
41
41
47
58
42
42
41
46
43
44
41
43
41
42
54
44
48
41
41
43
47
55
42
41
43
108
47
43
43
44
43
54
47
47
47
49
49
54
44
44
42
43
43
42
42
47
41
41
57
44
41
47
42
41
44
44
50
46
50
49
49
63
49
43
52
44
43
42
42
47
43
41
47
54
41
46
43
44
43
48
55
51
50
50
52
55
50
50
50
49
62
44
50
111
51
44
65
53
50
44
47
47
49
55
50
50
50
53
49
56
43
46
58
41
46
53
47
58
43
43
41
41
45
41
110
42
41
41
41
47
41
42
42
47
41
41
41
41
41
41
41
111
49
112
55
112
113
114
113
109
51
48
42
41
41
49
43
41
41
46
42
47
41
43
41
43
41
44
47
41
41
59
43
44
44
44
41
41
44
49
44
43
47
49
72
47
49
46
43
41
41
41
47
41
44
45
43
48
44
44
41
47
41
43
44
46
44
48
49
49
46
56
47
44
59
51
46
47
46
42
41
41
41
43
140
49
43
43
42
44
66
47
47
49
44
74
50
ML-DSA-44
1267
1637
678
1812
682
707
958
1813
1269
657
599
2278
938
676
582
562
851
1062
1405
594
421
510
397
1314
425
865
860
381
1037
381
426
606
1016
694
386
661
1064
401
611
1005
1374
388
378
504
851
1754
380
591
546
736
389
816
1085
497
621
626
683
1805
954
476
965
710
479
472
824
801
377
1141
435
504
386
1061
1209
382
888
1111
737
477
2418
511
646
1319
871
988
398
677
797
384
824
381
394
495
670
1001
913
841
997
1187
490
384
690
381
377
804
1458
380
1272
384
768
1221
518
385
379
1396
1209
1024
698
1601
730
785
574
1335
382
392
679
395
421
1388
668
471
392
782
655
596
882
395
2111
851
581
596
897
601
1171
582
1415
814
804
494
898
487
689
689
707
786
621
472
564
450
526
396
761
387
492
568
491
1663
761
684
379
378
507
707
656
1111
624
389
1167
484
1220
387
525
774
648
743
683
1076
384
712
390
2196
705
621
929
2524
591
499
1124
485
1299
787
497
487
688
669
452
401
1031
596
478
945
737
2222
386
780
380
394
770
944
398
590
418
605
484
385
869
612
669
493
779
378
666
378
505
378
2042
1250
711
389
1015
914
902
659
504
812
396
382
474
877
1002
695
806
889
806
495
444
527
502
588
588
487
1099
476
472
694
378
378
383
1640
1219
799
1048
631
707
996
937
543
2013
606
381
776
380
797
470
384
393
586
760
873
1187
1459
729
803
383
472
865
379
961
1604
775
1220
960
1311
475
1157
394
1542
1247
393
806
484
1226
378
887
1590
727
489
450
1009
592
597
918
479
1393
769
444
1002
499
571
515
386
475
403
384
1117
875
1169
1641
383
411
719
1050
444
1207
916
496
666
384
447
933
389
386
402
1508
1606
1549
2532
1274
501
594
1023
405
863
2228
682
1188
1706
676
775
503
378
972
793
800
484
743
448
1418
2206
525
1270
412
1865
440
786
527
653
596
439
401
767
757
502
515
715
412
760
933
1283
616
1013
1095
991
405
581
1395
1712
956
1461
1769
965
994
800
1220
435
864
1047
2084
666
498
824
986
706
772
392
395
784
525
1292
743
406
730
1312
621
505
484
930
592
1038
715
625
485
899
449
1220
624
578
556
1012
1200
2398
402
521
499
1533
1169
1097
1150
638
1019
419
396
409
846
404
391
1324
410
619
784
540
579
1358
859
509
644
3012
495
616
492
792
769
410
1347
996
851
443
430
1382
525
963
626
896
399
1615
394
499
582
1557
728
1333
610
539
882
482
1012
400
701
1020
803
492
607
469
378
472
489
954
930
583
1144
1460
1180
624
1051
505
601
939
394
1410
790
578
594
616
1503
618
599
490
1307
394
1071
616
1571
712
382
377
397
768
1865
768
380
596
610
528
391
577
650
390
692
389
693
1092
1220
488
516
2002
712
1679
1214
650
664
468
481
381
556
800
483
471
1202
1206
395
590
630
587
777
866
490
977
380
654
502
562
683
874
380
475
756
1178
605
969
1196
602
718
694
1662
692
1203
1274
1021
1286
1052
1473
498
490
803
982
911
1180
797
672
394
886
467
879
416
955
1200
603
537
1663
1150
734
691
779
951
706
587
474
760
704
669
609
996
1265
797
583
910
1386
382
726
1802
766
396
819
1191
395
707
998
489
572
470
379
391
1108
580
390
694
390
378
760
650
1246
446
387
1023
380
416
1105
918
527
384
1993
395
472
1069
628
1260
1386
398
386
496
882
1019
787
471
492
378
602
926
1656
812
900
612
515
387
885
938
924
609
590
692
745
2239
966
490
696
915
2745
592
930
462
471
541
386
764
781
1690
867
779
471
1764
608
1769
577
620
873
953
694
486
1115
1002
378
704
782
987
394
507
593
389
804
477
576
382
482
381
470
393
495
377
1402
950
741
635
591
514
1232
403
400
683
1198
621
907
390
1118
848
482
548
1216
384
482
715
598
846
379
493
1619
897
600
393
1385
717
1213
379
483
378
670
693
1109
666
745
581
596
762
1153
510
389
379
472
491
391
491
776
1589
390
1441
1185
909
467
1095
406
1637
1692
475
394
786
1746
891
468
885
1051
1282
394
492
488
491
386
394
379
777
762
503
579
502
580
482
468
1429
470
380
1543
752
2351
831
396
470
379
491
604
493
581
583
696
494
607
575
489
1502
502
496
490
602
934
1154
1798
384
405
626
493
507
651
482
398
594
1401
869
1002
471
467
1311
622
817
498
563
380
391
673
1085
503
906
580
1199
798
1294
578
381
698
471
1864
383
928
982
889
380
591
1515
380
525
1273
706
402
480
596
810
490
906
387
492
382
493
484
787
581
694
521
1644
477
1437
395
480
424
697
1488
395
838
1233
790
383
494
1388
1425
495
474
398
1190
813
1734
712
384
1438
388
490
391
1342
703
1158
872
2392
844
785
406
421
667
676
458
533
1430
677
395
1476
492
413
1202
574
493
1438
387
1386
1436
1194
1256
595
560
683
704
693
392
1094
573
913
1121
595
580
1354
485
893
472
380
968
392
380
682
470
686
470
483
561
1052
517
383
1133
939
2101
620
385
382
674
786
667
471
486
381
389
620
898
1867
675
676
822
390
1174
617
920
655
392
670
391
601
1007
964
578
564
393
1222
588
508
877
382
1953
684
911
502
1358
379
575
380
1259
584
604
812
1209
491
654
796
581
687
379
612
581
503
798
384
377
1474
857
379
381
1875
1283
669
764
483
378
702
692
580
707
994
854
495
494
669
794
1138
765
1115
484
491
527
981
488
798
672
391
508
592
887
1065
492
377
730
600
588
1023
1398
736
718
1287
898
670
379
379
1821
677
517
385
845
2078
402
1376
1314
1019
1273
766
593
1115
582
871
398
676
1414
501
493
859
1146
504
382
1108
593
579
2969
711
378
1125
1108
775
379
593
654
390
472
379
481
1288
468
982
413
387
471
488
562
764
1149
380
918
379
1061
584
1052
379
942
670
912
886
499
600
867
1584
885
481
1074
381
470
817
408
483
540
1697
503
383
1182
380
947
377
698
597
379
607
2068
1256
876
573
887
1089
823
671
504
1207
2076
474
688
1154
388
908
799
877
1566
707
378
1174
909
489
1479
742
393
386
871
904
380
585
871
609
406
1248
1093
919
1030
383
892
1431
626
493
506
472
3110
497
487
475
486
670
395
580
777
731
378
1754
598
380
383
496
609
674
379
626
961
979
390
802
502
743
392
927
800
812
378
471
400
815
1575
395
822
1254
565
662
1087
378
908
817
580
594
906
379
1974
471
1635
378
506
1538
1473
1182
837
391
785
982
1524
560
390
1918
390
798
393
383
1224
396
576
1091
678
380
776
379
379
1672
488
1693
469
489
489
779
501
895
686
797
516
516
1017
574
382
1103
766
690
1438
1988
1573
568
781
474
1338
1017
390
628
384
713
385
689
685
676
390
684
908
1933
386
1028
618
1214
1304
379
888
597
517
394
540
398
895
495
505
1793
689
676
395
381
601
1674
600
596
881
659
570
393
472
759
563
707
1387
667
566
419
501
488
491
772
391
579
516
1313
606
392
785
1689
396
999
490
868
1115
474
507
446
411
409
955
661
1206
589
941
475
1072
1090
729
1726
1055
496
614
871
1128
876
386
509
603
1724
413
519
951
811
1096
695
1416
419
721
1027
1706
1080
434
669
448
899
416
420
404
686
784
687
380
564
643
798
658
1428
1084
883
395
716
1365
715
597
864
560
1414
1400
377
796
473
1374
865
2242
403
684
475
587
474
1916
1328
715
583
598
381
1616
391
508
877
808
504
905
573
1037
616
499
621
475
468
684
380
494
675
585
977
1752
600
934
771
985
930
389
494
2620
619
744
576
472
889
476
1260
621
397
474
594
876
485
795
604
1400
484
867
783
390
742
425
399
393
597
440
631
848
678
686
523
378
1012
415
822
513
380
654
490
871
1073
492
1394
710
710
605
387
879
1238
389
668
381
381
380
558
796
1182
613
469
664
582
484
472
747
769
486
684
1038
627
383
380
485
1070
1628
888
711
720
1128
1063
777
474
785
675
718
582
600
876
1770
854
1754
876
562
577
473
1832
1048
469
958
1214
1514
381
1138
380
922
574
691
1653
773
1132
521
513
1292
390
1024
393
377
376
683
1199
883
957
469
618
871
786
925
501
468
563
480
889
488
575
382
379
596
795
469
1597
379
707
379
663
1511
469
1541
401
1082
793
717
481
507
409
384
396
1393
802
787
380
832
811
509
471
508
1343
584
552
1053
382
756
564
780
504
470
1604
604
975
471
2209
880
1029
589
720
1158
1142
573
1776
892
390
613
389
386
401
378
379
1024
2137
961
577
1085
715
984
380
562
470
1092
503
726
377
1060
980
469
1852
802
380
472
470
1609
411
593
728
385
510
791
1029
397
1584
536
586
487
1024
943
583
891
380
477
1897
1458
797
911
705
710
1053
471
1111
979
505
697
802
471
751
733
713
457
477
818
1298
1771
475
389
470
470
777
599
654
1346
2102
687
796
469
1239
706
1999
603
563
605
629
475
943
1283
790
498
1495
658
583
1609
416
601
1138
417
1638
498
1238
916
713
985
696
387
411
692
504
1211
673
1595
718
1377
714
582
414
474
594
898
1014
1037
943
525
449
475
583
2431
395
1385
1106
605
945
488
513
501
706
544
1300
396
890
791
394
1257
713
383
781
395
1477
491
858
469
768
1362
541
636
766
1181
599
680
396
475
381
798
383
889
394
383
382
1620
617
536
1073
591
407
694
914
806
385
617
651
1592
384
594
377
379
801
498
776
608
911
583
395
788
779
1017
709
768
956
395
580
687
1261
670
578
704
785
800
596
896
586
379
715
1636
748
1132
706
1373
677
475
1230
382
395
1478
385
1022
2147
681
631
984
392
479
492
385
2001
382
469
605
602
380
481
391
582
828
380
609
715
380
781
2070
1095
763
405
604
505
978
965
702
505
714
393
968
676
2138
479
605
379
502
1094
580
1399
888
1221
997
982
981
503
378
1532
475
673
941
533
390
502
586
1446
504
789
385
583
394
383
489
474
384
1585
682
531
836
791
1346
480
492
1183
1765
475
662
474
502
853
1703
2014
794
602
891
384
996
657
414
1305
602
493
379
1518
611
681
473
1628
980
785
692
674
1102
513
807
387
714
1389
2389
533
547
578
573
1320
882
657
493
1795
384
854
670
878
627
482
807
475
742
784
562
503
1273
380
392
1242
579
1463
488
783
1111
390
869
866
380
381
1606
385
502
378
577
491
471
1224
4066
400
1288
468
390
490
780
472
1247
787
1489
1149
475
379
594
905
813
1640
817
558
976
392
1317
1180
807
474
381
705
682
379
559
676
378
379
561
389
672
390
383
798
490
396
490
593
379
378
394
385
501
983
777
474
474
797
1401
561
2457
686
613
379
889
979
601
1252
408
472
1880
487
379
776
671
391
781
986
615
559
576
377
399
899
802
797
918
678
705
1474
906
982
379
671
684
886
468
487
389
909
582
759
579
726
2045
862
444
811
598
394
1270
1320
673
636
418
508
1005
816
418
845
399
427
406
602
2425
1038
529
662
735
537
455
498
760
511
544
1165
1198
568
567
568
443
831
1020
1127
1191
720
730
617
411
666
530
755
1271
514
517
395
1986
1026
1036
2097
749
815
404
692
751
1009
564
749
536
711
649
800
832
1078
399
2493
518
1058
447
408
615
964
755
621
689
517
1611
1081
2536
880
691
795
735
438
1455
1569
713
646
1045
436
458
679
919
902
1697
764
2160
971
436
1335
885
438
623
459
1198
1119
413
402
423
482
513
754
981
416
1129
595
1480
889
566
846
1550
916
435
548
907
663
1111
1374
753
1287
574
699
1345
1122
684
3529
857
508
702
1318
802
475
380
604
886
491
393
378
676
391
596
380
379
752
561
779
1118
998
1707
898
662
821
1269
489
497
380
484
425
690
378
725
378
491
484
774
471
798
378
1403
848
796
378
932
816
743
469
731
1069
468
587
2004
609
386
508
1201
561
593
695
1142
875
399
1186
423
479
710
393
3066
584
584
999
957
749
490
819
385
1865
1103
738
580
407
1008
389
787
900
672
504
590
812
587
446
589
686
480
700
691
1645
497
405
465
1363
432
1111
2017
414
497
413
771
496
381
695
948
1084
561
777
447
1382
422
873
3405
1264
3296
1759
890
1479
1476
443
762
1434
622
1200
807
766
558
984
646
646
422
439
1735
1027
429
566
1397
804
2017
641
461
957
750
554
1765
1039
436
1498
1167
1121
658
437
933
955
569
435
570
1377
864
624
417
483
510
511
697
1005
883
759
1104
983
573
378
470
573
650
391
378
1340
513
469
1146
399
749
548
810
839
719
698
403
979
1232
396
1200
446
736
639
1205
948
1358
458
1156
2684
552
438
1746
440
750
1051
437
642
639
754
437
825
420
571
986
1170
1060
746
379
481
1043
396
378
685
671
754
480
1311
863
490
488
587
382
885
594
852
392
1397
883
378
1042
502
488
378
508
560
482
624
993
710
601
893
614
488
576
2076
603
592
671
466
1379
843
451
434
2486
397
491
566
970
874
383
814
514
961
389
696
1675
586
1121
403
908
491
816
715
418
607
488
786
1343
561
378
489
479
713
1293
616
497
828
664
488
490
586
385
382
486
898
479
646
1505
690
382
786
1842
666
584
384
472
493
1030
891
802
502
1252
755
472
380
588
377
984
860
668
468
482
1762
392
487
776
579
1087
389
561
378
394
2617
900
576
993
707
397
472
1458
891
601
380
376
692
1018
622
861
1620
484
726
2794
402
814
395
562
709
381
1131
502
580
777
761
597
1256
497
380
522
714
395
561
377
380
1202
954
730
654
1334
591
2847
968
800
380
802
684
1371
588
976
594
489
389
376
373
1108
389
589
399
1141
877
984
391
491
855
494
978
392
490
377
486
378
592
490
501
561
503
1916
597
729
1641
382
1344
1388
2106
580
376
489
593
376
797
769
1195
627
922
821
672
599
1869
381
1440
562
470
505
376
1072
738
381
582
764
469
381
499
438
482
810
586
996
494
476
384
382
379
1100
714
491
490
1021
980
391
1200
1422
1855
836
380
597
1021
470
1758
1745
1910
392
470
777
692
529
519
510
606
2032
778
571
497
609
520
1217
1779
655
850
394
697
2008
476
388
754
800
500
385
384
496
984
2253
576
631
1446
478
596
565
1587
1711
542
588
760
822
585
801
1406
762
981
1116
379
484
474
1863
1082
573
703
433
605
478
514
918
513
929
700
732
494
1505
402
791
633
619
714
722
1072
1183
565
767
579
1183
438
553
497
383
381
482
987
1275
1070
563
889
957
575
968
3945
399
1195
383
819
491
377
392
713
1816
377
467
487
1407
702
393
490
891
493
747
643
718
1097
1263
588
669
1178
1169
379
872
1057
1090
1509
817
507
407
395
584
979
1620
1157
819
1091
1288
1252
653
755
376
489
799
ML-DSA-65
1497
3845
1381
2784
1443
1882
1058
681
3072
1133
1687
1415
1849
1932
1635
670
900
685
546
982
934
2260
2559
1584
982
1686
2160
593
580
594
561
649
2622
549
1300
1306
1293
531
738
2085
533
1362
796
1400
650
1745
1384
879
542
991
813
734
1481
565
979
599
527
1100
899
1609
676
2390
689
2316
1334
564
963
703
845
1316
1262
1068
543
992
675
1408
1344
663
1212
2069
845
1242
663
2736
873
703
595
682
867
1101
818
1195
676
2093
568
568
981
845
822
858
675
1306
1381
947
1355
528
878
1682
1101
1294
1040
1057
536
745
1166
1181
2174
1842
1225
1378
717
1186
1121
584
559
1085
1611
561
735
884
559
1272
1536
570
725
520
1078
3009
1212
759
516
1082
3548
508
573
734
1807
582
731
898
2330
2112
2127
508
1083
517
821
700
629
1579
822
503
2574
518
938
3336
994
3108
1070
550
1100
1764
1587
1577
562
1574
561
1119
584
705
561
582
859
830
852
1155
1605
562
1242
605
1044
1639
918
1231
1818
1674
656
756
517
507
844
1208
1068
506
1264
505
972
789
502
1171
812
1053
1735
505
757
1115
654
1641
1293
693
1612
1487
1311
870
1134
640
1306
633
788
1244
819
1097
833
780
538
1490
627
1170
774
1456
1639
771
1253
1859
510
2313
1238
521
2049
513
1144
508
2332
823
710
672
2651
629
869
1702
1731
1031
1153
867
2602
998
1389
1087
636
501
1089
837
665
1181
1568
801
1976
1995
624
940
639
2361
965
674
1441
791
504
783
932
622
636
2140
4091
1123
502
933
879
2807
676
503
1070
621
546
1775
818
1055
1021
1175
531
1207
502
1571
1355
2099
2176
874
1067
2482
501
1394
671
643
2966
2245
712
1593
734
799
585
1034
587
1206
1073
1457
675
974
887
1881
2034
714
3605
1098
1154
558
704
707
1544
2162
1106
993
937
1036
1277
1173
791
1880
1727
1567
930
1907
504
1302
1279
499
663
618
2670
2736
589
884
945
703
558
584
680
584
560
2876
1212
898
744
703
592
570
976
522
826
631
913
1222
2185
1184
1042
886
2219
737
1272
1033
680
1507
996
1966
709
1719
770
531
1782
1690
512
1211
641
743
523
712
576
544
551
567
525
838
663
1326
637
666
1085
801
1144
663
500
1432
1355
516
1359
1714
1724
671
1212
1087
933
1023
1199
652
511
1142
935
1084
649
1144
783
904
1485
787
1939
1056
1235
663
499
660
1290
1059
622
902
666
739
502
1130
1244
1539
1333
657
830
705
558
1235
941
667
1632
1369
1182
1076
815
917
631
1061
670
654
1487
504
905
2815
1299
505
937
2181
1182
518
995
1028
653
2057
1474
622
1844
626
628
790
1057
978
660
1353
3509
3341
878
1087
939
1981
1620
1783
2960
667
755
961
1736
516
800
1511
1437
1438
952
517
1507
978
1056
1262
2079
1173
515
1352
632
1016
502
663
1170
801
775
1068
521
1292
626
818
938
517
502
1997
769
848
1097
779
1217
526
1209
816
792
520
2772
617
1331
513
506
652
1194
1913
837
977
945
954
887
513
1701
669
1867
517
904
622
513
622
1115
676
666
919
674
1758
507
908
783
502
754
763
503
1354
822
665
1197
654
1399
989
507
1533
742
513
500
1174
634
1057
501
905
1380
2126
638
935
1351
1876
995
1479
3866
924
751
515
801
1301
770
514
1413
1375
674
1224
1405
1220
1033
1298
774
2545
1419
1437
641
1210
1106
1579
921
515
1637
896
785
516
773
817
2326
1271
524
1340
788
908
629
2167
1833
522
1052
520
621
652
2264
515
804
1221
1047
790
1759
1056
2895
1013
787
932
3774
772
894
1671
501
814
502
669
1176
2085
633
1323
901
949
1806
1324
1348
504
785
904
1714
1049
590
650
1835
1242
504
1849
522
986
760
571
1173
687
1224
662
1179
509
907
505
668
1941
1184
2034
664
762
1509
897
524
903
502
514
501
1856
1412
520
3111
828
971
513
742
904
1296
516
1742
528
1101
812
1767
509
1033
1487
967
573
1873
1652
966
813
1833
1396
525
657
668
658
1057
2056
1952
641
1964
1656
1415
665
2437
1144
516
790
2373
514
1424
1095
1925
515
622
514
904
1053
891
504
501
807
535
2547
1245
701
1089
844
745
519
1499
1340
936
512
1239
1325
906
786
505
514
2475
1218
757
503
1727
502
1528
502
933
1023
650
3378
1053
2014
636
905
1054
904
952
1040
1045
909
1023
2082
1114
1580
503
936
1083
780
874
951
1581
904
649
1454
1113
933
1197
505
2026
668
1403
1273
2139
933
753
500
1897
3274
956
1450
1938
1965
1475
753
4957
2141
573
2079
534
551
864
643
1289
2074
1324
664
501
1327
1720
1182
765
668
1179
1148
773
1267
949
2450
521
527
909
1024
654
787
1131
1211
1178
1046
1361
653
1872
1206
634
3143
773
1095
778
1487
1489
671
1390
2145
501
1633
1222
1061
635
1634
554
775
877
519
1089
1630
788
1025
1056
502
634
909
1761
1058
1694
1513
521
1028
1982
510
1326
1515
519
791
755
891
516
754
1178
803
1061
1466
1860
668
667
1025
502
1012
2338
597
1290
1583
1251
653
2706
773
824
2180
878
1587
1215
515
1477
2666
518
1240
785
904
2661
547
1938
624
782
784
1261
1296
818
1093
523
517
503
907
905
502
514
931
620
511
500
1957
1474
2717
881
1534
522
1294
1297
785
802
1484
772
658
757
817
805
1054
783
932
2311
1364
1204
814
1811
1023
503
1207
633
632
499
631
502
1145
1312
1214
2431
910
1563
815
651
813
1085
1321
513
501
512
500
967
1065
2192
1845
503
665
620
501
1207
1051
1378
640
665
1255
509
2067
1240
1696
1743
757
1189
1186
1936
1238
816
1551
819
530
623
2673
1148
623
785
512
774
514
1532
812
501
787
786
783
503
503
658
1382
1193
1078
951
755
668
622
1483
1202
501
633
1681
521
634
973
1493
773
937
752
1593
743
512
3037
3318
1566
736
586
559
1002
585
1318
1568
1561
885
558
3807
710
1515
526
4772
674
791
638
804
2917
672
703
522
2404
562
1034
1440
558
1006
733
1380
1486
1863
540
783
706
1932
1217
1243
1881
776
1784
523
530
1450
1198
1688
1159
1582
501
660
501
1108
1468
2998
1792
1355
1205
514
778
767
3188
806
1437
1360
1008
1137
725
769
1251
869
823
1060
1643
745
516
502
784
840
1113
1426
1370
2473
539
789
916
1026
1051
3189
2190
1838
787
667
1073
655
514
3779
825
819
1259
1350
577
1307
1446
937
1028
1473
517
665
1355
1237
2297
1117
798
627
1058
666
1178
790
773
2511
516
2242
2963
956
531
1900
869
1512
3307
1067
1204
1108
628
2108
1370
1112
1558
1217
1300
817
529
526
658
1144
1382
658
632
528
1911
3431
674
874
1794
511
4052
3186
521
622
638
526
1003
1182
1154
539
513
873
960
509
507
520
2127
1716
1562
634
2497
1342
1031
666
507
665
627
1084
573
728
1590
1066
1681
802
628
646
1359
672
1763
796
1071
2137
1298
1687
928
1251
690
2463
756
801
1175
503
506
663
1591
498
2090
1334
501
517
1051
903
1472
622
665
633
500
500
501
1384
512
650
1290
500
787
1475
1021
634
770
667
823
1203
500
3324
654
933
2124
935
2360
2536
1940
1209
516
968
1203
1352
630
906
1203
1878
1442
1414
1456
2480
523
650
999
755
1186
503
784
512
773
936
1138
1497
547
675
721
1080
1505
700
668
718
547
711
660
1442
530
950
1113
1347
967
1072
912
887
850
567
516
534
869
558
526
2472
1027
564
752
1298
1211
570
3648
1066
1064
1499
617
1119
1644
1403
1310
1414
1133
1388
602
1186
1850
1406
877
1954
1258
993
1514
3034
2424
860
1688
799
1158
535
1116
1293
983
1310
679
537
1352
1093
534
2107
746
1730
1377
1469
1164
1082
1630
964
713
694
1150
875
1292
523
659
932
2755
1642
605
683
1289
1658
3240
831
1656
1224
1521
1029
4426
779
2589
550
3552
642
899
654
505
774
1107
512
1693
1625
1495
871
1353
568
1549
947
1390
1065
1753
1553
527
775
1018
2303
1243
506
2593
744
514
653
1838
517
2719
640
2626
1279
899
938
1084
1445
515
2287
933
873
1343
518
1506
715
1507
1593
919
1702
506
1848
515
685
966
627
2335
732
1467
1469
954
508
792
1579
1054
524
1911
791
1062
927
2005
786
504
965
2227
1553
1270
1445
758
1082
516
1681
1035
1879
521
520
1030
744
1340
504
1574
2905
642
1363
661
1114
505
2149
664
508
1901
1293
665
834
772
663
1022
500
781
513
500
1664
1026
891
520
1205
783
879
1335
936
732
1404
1925
1618
807
624
636
1177
1589
1550
1072
632
1885
680
777
824
2938
829
2943
1180
911
664
781
952
504
1287
1701
1493
2252
526
507
669
503
519
624
757
668
1174
802
626
1871
3354
1590
887
1115
1044
948
1363
2210
2488
506
969
761
505
1063
1247
847
796
520
908
1055
786
1056
2714
1399
652
663
810
1083
1657
1211
646
655
925
668
624
1043
500
503
756
965
785
933
897
2358
1414
1227
1068
1617
1102
505
638
1672
520
626
514
1115
2033
1774
690
3056
949
1777
1074
936
664
651
1110
499
666
1236
743
2265
780
1062
964
1328
3238
634
1024
785
1387
1210
759
527
667
785
1386
996
1057
935
621
670
2160
941
2207
741
505
500
1022
522
1631
665
1155
1747
526
679
507
901
523
1358
906
509
526
720
1402
509
518
1449
1220
1058
664
1204
933
1173
2100
628
2579
677
1090
1730
505
503
637
921
1272
1318
1594
2222
940
1248
1068
1306
892
638
502
516
500
895
3105
514
1036
1444
2024
1355
742
750
636
3355
517
558
1259
658
1019
2772
1814
628
2249
811
1370
674
506
1634
946
509
748
1074
1342
774
745
781
987
1753
803
1339
850
1887
508
668
1053
652
1205
1027
905
783
1445
787
782
2511
925
1480
1057
511
919
502
632
1943
1552
652
1905
512
1747
1450
781
635
1785
1174
1564
2558
2435
502
1251
670
785
624
2117
941
517
503
513
957
1175
2980
1673
1051
636
1092
787
629
1091
593
527
531
829
1222
1141
673
505
1536
653
1356
515
505
938
1393
1335
664
2149
520
1084
819
1807
1053
572
793
1859
1119
516
630
1155
516
907
942
1889
1214
1270
1069
1075
972
518
1869
796
529
1128
534
511
653
658
1520
3640
1908
625
2243
961
1915
788
519
961
684
639
634
947
637
1172
1203
932
1378
915
670
560
653
906
754
1080
1509
517
2246
1556
1064
1130
510
909
821
638
1029
1715
766
554
3212
825
521
621
1050
665
889
769
780
499
513
647
775
1204
933
513
974
630
668
1054
877
679
659
546
681
817
706
678
658
1998
1272
640
1060
2044
1068
515
1850
791
503
786
639
586
531
803
799
507
676
2242
883
680
630
793
507
2429
509
1204
1084
966
3440
1340
926
1080
1039
511
505
518
1117
626
502
934
1352
933
1473
514
1962
508
1413
517
805
891
518
2386
1059
936
1575
1653
1064
505
1516
652
1725
502
579
545
2030
634
696
510
667
506
1118
517
501
967
636
655
518
572
540
2200
890
1224
635
660
764
510
638
1209
666
504
1879
2327
948
2271
539
1729
3028
798
1984
1240
835
958
799
2240
819
950
2610
519
1023
778
519
823
1688
1994
1772
1540
794
776
769
1818
903
774
514
502
932
1125
513
771
665
1017
1563
1575
504
1485
621
1053
1204
633
932
1709
667
1650
1550
2475
636
1234
769
602
588
539
966
2150
1036
511
1248
952
545
1605
1180
778
1205
1241
2049
635
906
2212
2512
992
1758
1089
1350
792
1529
661
972
910
816
744
1474
2846
1125
900
519
2030
779
1597
3348
912
1029
755
803
934
785
949
904
962
2980
1264
786
1585
1093
970
1175
627
1440
875
2416
525
2472
1472
1039
1308
539
1270
516
3467
502
2171
1849
636
687
548
658
921
1173
811
1508
503
1956
1709
636
820
627
1805
789
1362
2449
820
1146
661
1631
1784
502
513
900
1712
1052
528
963
507
1117
1590
782
635
871
1742
787
502
655
1688
1232
652
1506
980
1985
507
1474
1055
1367
3040
514
1651
2638
1869
503
755
653
692
938
620
1264
2049
2102
972
1435
949
557
1520
709
1130
861
729
1403
561
733
1094
1006
2120
732
703
1121
734
882
1015
582
1622
1049
966
512
1455
522
796
534
1352
1557
747
2259
3007
1086
1209
641
625
667
667
503
1056
1139
1055
801
1347
762
2207
510
1088
1510
652
1480
769
514
931
1987
505
503
502
1141
500
781
934
784
968
1974
1534
2236
1109
786
505
756
3257
1877
505
662
775
501
623
624
938
1322
759
1114
1089
935
1400
1578
770
1626
1207
1174
502
577
904
535
789
783
640
1298
504
1055
515
1233
501
963
1607
628
818
502
1609
814
1041
514
1339
1217
1531
509
788
1642
954
1010
1928
1113
1356
679
1088
728
651
558
976
977
720
676
1355
918
1404
2398
561
988
548
1217
706
1772
515
787
623
1422
652
518
502
1168
1153
941
940
1486
507
1094
1204
514
1235
3175
1451
515
501
500
1624
502
1482
5095
659
743
567
667
956
805
919
1846
859
772
1067
2265
662
1175
1069
1705
1063
625
2932
665
892
1069
642
503
932
2294
1053
946
1727
1294
1234
784
1566
2746
1873
1083
1205
817
3075
659
503
1381
1499
513
499
512
619
513
768
3284
1605
784
1203
823
520
1888
819
1095
1338
623
933
505
1550
785
801
1514
619
1455
624
1457
501
950
1238
963
519
809
785
1843
1162
650
664
499
1147
1472
624
1435
2935
1325
915
1745
522
503
903
906
1622
787
513
2265
1084
1742
1275
621
666
1084
502
666
904
507
640
1355
2789
500
903
782
1712
1054
2029
2174
561
507
2182
667
895
502
1235
1286
519
2009
1566
825
941
502
514
2800
666
622
1218
2148
1615
621
1786
2575
1362
519
1832
1339
503
1027
2597
812
1685
783
1491
675
1422
1587
1031
998
1655
2103
903
2707
1714
526
1616
2049
1228
1299
1825
1262
664
1467
786
913
1383
1023
673
1531
514
2525
785
1169
932
801
3905
2778
901
774
4047
1898
824
1006
887
813
3874
1211
650
665
959
895
1126
1126
1448
1116
528
826
690
1499
509
910
1164
3782
1483
1668
1237
507
522
1365
762
622
1214
4081
667
2153
790
812
1611
932
525
1226
1882
642
1117
773
1054
515
810
954
1204
510
788
1230
515
530
935
507
935
514
892
903
815
1019
665
502
1297
1936
502
1346
746
1622
965
1771
502
1172
501
1653
500
921
1576
937
775
805
1058
756
969
2274
1295
905
1531
634
1051
1660
1204
925
524
730
1358
1325
1084
1235
994
503
2070
1242
921
902
3024
1329
2929
502
618
901
2311
1081
635
1588
512
1644
954
792
504
1204
2204
663
506
515
629
801
783
501
665
1663
1173
663
1203
2414
867
685
1057
504
1430
501
889
802
623
1940
930
1237
734
2377
2120
1944
523
1336
699
1660
3674
1095
703
551
1228
1451
1056
562
1900
730
2000
535
1463
1880
4501
563
983
1119
841
615
1063
2157
581
778
1675
1102
2347
1470
1110
1041
738
561
832
1809
1850
673
1399
814
581
706
2400
986
1173
737
842
927
1266
868
3411
723
561
736
2172
713
865
1214
1448
1012
1801
853
587
1866
1150
1127
1008
732
594
569
716
886
2021
713
1180
1428
588
1038
1093
867
653
700
3066
593
533
1495
693
525
1346
681
670
517
516
795
2234
1438
568
516
769
589
520
1305
1526
2293
1393
2084
1338
593
1202
825
1323
514
820
1457
506
1332
645
2846
1425
1294
1064
764
1712
666
651
916
513
650
2048
900
513
2822
1354
1288
649
3498
770
512
499
779
750
500
1226
751
649
1228
1591
3055
762
1203
767
891
1680
1681
1180
502
1441
1084
872
2655
627
877
1476
1053
1666
1746
502
498
1053
1020
997
797
2672
519
503
1583
910
775
967
1785
1357
633
620
511
781
1084
1441
499
664
663
1533
661
ML-DSA-87
2417
2783
1323
2334
716
725
712
890
1104
955
2796
900
1134
782
2177
2490
813
1169
930
711
776
1329
747
904
1318
801
1299
940
1145
960
1213
2193
2171
5327
1578
1328
954
1110
1111
903
937
731
1155
1325
721
2307
1451
1095
1683
912
726
921
1299
1150
1519
3335
1180
2420
944
1684
2186
1314
730
712
885
1150
722
1060
893
702
2226
1909
1924
721
2345
2952
711
2712
1321
719
1557
1983
768
1962
1602
724
699
4748
1131
742
1743
941
1105
1736
1277
890
1310
928
890
1101
2519
938
715
916
1447
729
1318
1101
1344
1488
1326
2091
913
918
2237
929
1752
3669
1146
1314
1696
2491
705
1122
896
3276
933
1141
714
1925
1101
877
1142
2898
2531
2155
710
1319
1343
931
918
1115
719
717
701
2097
2120
936
717
3036
882
704
1056
2695
1522
1458
1104
1476
709
1014
730
1122
1080
2582
1284
1938
988
930
887
1485
1780
925
1157
1181
3533
1934
1711
727
1330
757
1355
1163
1074
898
936
711
708
1067
2406
935
1350
714
1170
1122
4276
949
1490
705
1147
1282
721
4367
938
1100
997
924
1135
946
1065
1501
707
726
939
717
1357
1563
729
2143
1708
739
1111
942
908
727
1940
1827
1421
901
726
950
1127
732
1117
723
726
1071
728
939
924
1134
904
1689
1726
1466
733
854
988
730
1112
940
723
2757
2120
944
1934
729
1111
895
1887
722
723
703
745
1565
880
723
912
2456
1510
1327
2236
1534
3187
724
893
2850
892
996
2842
705
1144
1697
714
699
715
934
1144
1126
902
929
2416
913
3120
1697
3352
1983
1551
1358
987
789
1667
1249
1238
2678
1509
1065
2007
2445
1276
1044
2281
1242
816
754
2846
1611
999
1435
3178
2032
1065
1602
4529
1234
3368
1239
819
1264
1076
3183
1095
879
1111
1037
1364
2698
1470
2247
2554
1622
1483
1285
1656
1089
995
1717
973
4376
1027
1198
758
1553
1323
939
728
1635
1134
1557
1130
2128
1060
1077
1257
741
2015
2995
2489
768
1366
1888
1121
1903
915
1122
740
1158
2179
1187
1423
1176
1989
1111
947
2129
1350
1113
2133
1563
754
3273
971
981
749
2162
1343
1430
735
993
2341
1127
942
2065
733
727
917
1183
3450
955
1183
2039
2692
3363
785
3704
1963
943
3225
1842
1250
2480
996
944
745
956
1878
1009
1776
2532
763
2186
915
793
807
1020
1226
1074
1621
770
771
950
856
760
763
2524
976
3348
2290
2091
3437
2242
826
1215
2387
850
1413
2337
1317
4076
2130
3286
1578
3736
1473
1960
2398
1670
2985
975
2152
842
892
787
1952
1536
837
935
1586
1772
1093
1973
964
967
968
937
756
746
2383
1556
1901
2644
1686
3332
2387
1544
2223
1783
1175
2546
3487
2604
1426
962
1516
1985
2639
2033
2112
1172
2187
2273
1528
1917
1495
2854
2218
1668
2110
808
1724
747
1074
2973
1577
1953
825
1334
753
976
752
950
1887
1060
939
735
2208
2202
1984
745
1164
734
3211
902
1539
801
1173
1193
1236
934
732
737
929
1688
1000
791
3226
4996
968
1641
1002
788
1172
980
1387
815
1152
795
1001
1004
1194
2301
992
732
726
1459
900
754
1329
712
937
1908
729
707
2024
1542
941
880
1902
1326
1307
1884
938
1109
2199
1328
707
720
1325
933
772
1548
725
1406
1448
729
719
709
2784
762
975
1388
963
2167
1732
761
1779
1000
766
1215
1128
1637
929
2768
1731
786
1346
815
792
1002
762
2929
1956
1128
783
2978
1586
1175
1228
1567
1378
1993
1132
2971
1428
1438
1501
1173
1345
1004
787
1005
2739
1512
1156
1933
2635
2640
1101
1541
1791
748
1524
756
1994
1309
1301
817
1126
1468
1775
1939
1064
1148
940
922
1129
906
724
897
1318
1317
1312
883
933
1344
1693
904
2120
728
929
1312
729
904
1707
1296
710
938
2007
1555
955
721
2273
1281
937
1452
3010
1798
1898
719
898
718
708
720
1145
2301
1165
900
935
1362
955
1805
757
710
905
2014
729
723
2404
3164
989
1266
950
1119
1498
755
1897
1658
781
761
1327
1132
1242
1136
2962
909
2762
720
728
4691
2057
1445
1416
1096
1274
750
1069
3178
1665
939
1128
1157
1163
1373
1278
893
707
723
717
1665
1230
957
1680
1340
720
2104
706
2771
819
832
1004
789
764
2175
1786
1431
1347
738
923
884
1368
1373
732
1319
1278
718
941
722
712
2221
726
915
1457
1716
714
933
1107
1366
712
1323
1443
1491
725
718
718
727
895
2347
793
1592
1110
926
1012
1173
755
732
1324
1601
1503
749
773
954
788
739
2945
923
727
719
1459
950
730
1338
909
1561
712
976
1165
734
1341
733
903
3673
945
1692
1074
886
1161
992
917
774
1966
759
979
789
1427
766
789
2142
800
1302
788
774
986
1004
1515
1352
1789
767
2658
1209
1000
3569
2173
963
787
788
1737
785
1342
821
1001
959
1172
993
999
1003
1405
748
969
1186
1324
945
735
940
898
932
706
2962
800
1168
1928
1700
1054
707
2071
1569
1173
4149
726
1660
919
720
1531
1427
2068
1358
724
711
1175
728
722
1897
960
4148
1581
1319
1106
762
2725
3098
1182
1945
3793
1213
788
959
997
1593
1411
767
789
787
960
1519
1374
783
763
1344
769
1611
936
1108
974
984
810
3078
770
952
1576
4739
725
760
936
1946
1576
1108
2266
723
704
736
985
1567
717
1071
2846
948
1530
2098
974
1148
962
736
1545
761
1127
764
896
731
1342
726
732
1203
898
883
1586
708
1493
1448
895
3850
2853
793
1573
791
791
789
999
866
790
1733
1003
786
788
761
1421
766
788
1656
764
765
790
2813
1387
2416
975
766
2912
750
1121
888
1066
739
732
2117
979
2248
720
731
1492
1073
741
1122
752
746
1168
750
1810
910
1142
739
1399
1163
737
2036
765
1641
1521
722
762
1382
1530
1123
1596
965
1199
3181
2811
760
940
967
784
1470
988
2580
4114
1082
908
1533
1320
960
2625
2064
1987
727
722
1323
1239
832
1205
1060
1180
788
762
1399
790
1371
1593
1874
1180
1009
1348
1394
1860
972
1776
1834
1390
1210
788
998
1005
1809
1131
976
1211
1266
1011
785
2609
1380
766
764
787
787
958
2171
795
1559
2329
1012
1749
933
1178
1157
2626
1876
1845
1533
898
1356
2182
884
1060
931
2314
1871
726
893
709
891
1100
718
1102
1661
2232
717
1404
1134
2500
899
705
892
1313
2018
1122
1544
1317
717
1144
878
3065
1094
1400
1175
1393
1527
3559
3142
840
791
3695
2540
1388
941
2835
1563
1657
1694
1395
922
2513
1855
913
1721
1497
731
753
766
973
1624
1435
789
2174
1984
2126
1795
1259
888
936
3166
1368
1548
1048
786
948
1601
804
1029
1198
2172
1639
1462
957
927
971
1511
728
940
1901
775
1085
862
1071
1115
1564
1130
731
910
898
1914
976
1208
1856
781
995
1105
729
2323
1934
1288
1554
1159
728
3274
1127
1726
899
754
961
1716
1217
804
1455
1360
2515
797
1175
2267
791
1736
1141
2383
2852
745
907
1726
1231
1831
915
767
2640
1177
937
1369
1149
735
742
897
982
1338
1375
909
907
1006
1004
788
1678
2115
2689
826
745
2135
2118
1152
728
1817
2796
748
942
944
713
1281
772
768
1592
1217
1014
2084
1259
795
2954
778
1295
1370
1082
1031
1288
1134
1354
2089
1612
1477
711
2503
1401
967
1393
890
1006
1785
1211
2205
2575
1482
1958
956
941
895
712
1151
1112
1904
1927
1946
915
1805
800
1717
1246
1471
1114
791
2027
1593
1386
1007
969
1745
1356
1180
3158
738
2687
965
798
794
2306
1011
1185
1599
2169
2338
1384
995
767
2032
969
1657
1644
1230
2177
782
1171
2338
1381
725
1037
1437
1639
845
1209
3135
3293
4297
821
3825
1353
1315
1340
772
1973
773
1577
1592
2143
1726
1403
1447
1820
1149
3570
1662
1356
1951
800
1878
1940
1458
1285
1120
3990
2500
3311
799
1923
5356
1720
3015
3090
796
1127
1151
921
953
1420
2975
2027
789
1598
785
1218
778
1374
949
1398
2456
1469
2112
765
1771
933
1552
737
2108
1597
935
1003
980
733
1202
1496
746
2163
1078
1325
1914
980
2406
831
815
1026
950
1396
763
1381
1368
953
1807
893
725
734
1337
2136
965
725
944
2604
2157
710
2457
1715
1205
1122
2319
884
1109
721
1148
1361
1063
1296
705
888
719
707
2168
1359
1088
2296
848
1789
1161
713
1539
732
892
1461
712
1508
1167
710
709
1171
723
717
1361
711
1919
2113
952
1003
958
738
717
3733
1321
1136
2314
1168
805
716
3500
1292
1108
1769
1386
1174
790
1002
1679
762
1348
1304
1345
1360
1100
1881
911
724
2161
3031
5115
1809
934
1922
1359
937
890
2130
883
931
1082
729
718
1906
1294
3686
1711
711
722
1234
913
889
1532
890
728
1451
1529
760
3588
1877
1761
1239
1063
3589
900
949
2284
2444
1177
999
1305
760
1767
1268
824
4132
1033
2016
1544
2231
1005
1869
1000
2412
2873
799
954
1881
1221
1174
2196
1005
1472
1385
1399
1032
896
1496
892
708
1481
1615
1374
808
1456
958
1296
907
1118
1320
5629
958
919
723
1021
710
1744
1283
3121
1759
1493
719
931
1113
737
1160
768
1144
2128
1566
945
2324
1132
1075
2118
1499
726
714
2330
1856
797
1139
2514
788
957
790
761
1201
764
786
810
1765
1549
3094
1134
1346
1918
996
1596
999
1946
2850
764
934
1976
1300
732
1457
724
1491
893
894
1664
1326
924
900
1916
791
1688
1193
2199
2581
1003
2129
1917
1624
792
960
1847
1729
784
1193
956
1611
2044
1171
2639
1603
737
895
1449
1145
725
2700
1280
1139
700
1733
1569
721
717
958
2005
889
1882
929
1273
1096
1518
1310
698
888
1332
719
1356
1235
1118
729
720
1107
928
705
2098
1206
1134
729
1068
893
705
1587
1326
722
708
2121
757
940
936
917
3176
1532
2703
1160
2693
782
733
991
1916
1778
722
1380
1072
907
1472
709
1338
886
711
1681
1245
1214
1005
1342
1566
2941
1002
1391
974
1403
789
1768
1170
984
787
787
763
1853
1600
943
710
718
1140
926
1689
1325
885
893
2110
1114
1102
1917
1102
2648
777
1112
715
1250
1286
708
1106
940
937
1775
1375
900
726
947
1113
3994
726
1101
3300
731
714
1931
1745
2563
1308
786
1169
1001
784
1210
1576
1164
768
1170
957
2002
899
1497
954
1112
732
706
933
1315
1695
989
2005
1288
3191
728
1323
711
720
932
1068
1680
922
2426
1158
1405
1780
1174
1011
1155
1934
1495
1529
720
927
1477
711
1702
990
1566
1858
945
2628
1538
714
810
949
1140
918
2380
1893
3121
732
1401
2481
900
937
1152
2351
893
716
707
1783
3330
1978
1188
999
1133
957
2394
916
1068
890
919
2371
924
718
799
789
1175
787
1211
1397
945
723
708
1097
1751
1289
2015
736
1539
723
1798
926
1550
1079
1972
3499
735
1609
902
1148
716
2784
930
1138
714
940
931
1312
886
702
1583
1109
704
2180
FALCON512
871
1502
756
1036
817
875
780
693
715
707
729
877
809
745
795
1272
863
733
744
727
828
818
780
735
763
837
1238
745
721
753
978
801
767
792
717
705
1209
802
786
733
839
819
709
742
844
793
1298
756
720
959
1796
1803
875
748
850
838
767
755
865
800
845
723
752
707
699
727
700
716
871
818
806
775
782
731
725
760
714
724
776
737
742
715
718
702
688
989
715
834
787
767
792
780
764
776
798
766
783
782
756
782
778
751
829
724
725
745
705
738
723
693
753
697
706
750
839
836
999
777
727
819
828
904
787
769
808
811
805
742
734
802
794
953
756
797
788
804
804
760
763
800
752
834
726
735
700
705
685
730
685
706
715
701
820
695
807
954
1113
3465
1043
787
754
764
781
750
781
807
759
774
813
811
779
754
804
755
779
772
764
774
777
753
779
783
756
794
757
768
807
755
763
773
711
703
816
766
759
794
784
764
781
773
752
779
780
760
796
707
756
838
865
760
802
739
816
730
693
695
711
803
701
701
691
719
720
710
681
730
690
700
684
712
699
710
715
705
699
684
683
714
675
701
680
707
675
701
692
700
802
683
703
711
709
686
687
701
680
700
675
716
684
699
724
703
696
687
700
695
693
695
685
733
791
733
706
723
702
696
709
735
779
713
695
704
718
689
694
696
726
717
700
695
702
719
709
816
703
701
690
707
687
697
689
697
685
706
688
754
682
722
702
710
703
690
698
708
755
713
681
715
686
820
747
711
687
692
693
676
697
687
709
692
708
703
737
697
687
738
719
678
728
683
701
675
700
691
679
698
704
702
682
720
731
686
691
682
725
681
697
700
681
685
690
691
708
707
680
681
710
681
751
682
720
688
684
699
689
699
684
701
710
690
700
685
724
684
705
680
738
680
687
696
707
692
682
701
702
690
697
699
703
673
702
682
707
681
698
711
698
709
690
708
695
689
696
685
712
669
692
678
709
691
682
698
680
723
738
727
695
690
694
680
701
688
699
683
702
692
689
699
692
712
682
686
756
721
687
702
703
696
686
688
702
683
707
688
749
685
685
695
707
702
699
702
684
693
698
685
715
681
763
884
799
710
718
762
702
710
689
710
877
706
738
714
758
725
688
701
706
689
675
684
711
690
703
676
727
683
847
747
705
709
701
712
693
694
713
678
697
706
716
689
689
702
833
747
717
732
713
688
700
709
694
687
701
690
693
697
743
703
685
705
690
816
714
705
692
695
705
700
706
687
718
702
701
703
686
709
688
714
692
819
706
765
705
683
699
714
687
694
680
708
679
724
699
708
697
693
709
734
699
689
692
699
683
706
673
705
704
676
705
699
704
684
697
701
695
763
702
709
679
826
730
724
688
720
682
702
678
727
702
688
703
703
709
728
699
715
686
696
677
727
676
702
705
902
748
695
734
699
707
703
688
755
692
707
685
708
711
784
703
734
709
680
690
701
687
702
684
718
688
721
698
701
710
688
723
707
691
688
683
706
676
696
679
730
694
702
744
759
715
680
707
694
755
703
704
678
836
758
772
779
834
785
780
756
781
780
767
797
751
766
773
755
754
795
792
782
782
752
779
782
769
772
781
752
784
753
764
784
780
751
777
756
776
768
777
781
784
754
781
785
756
805
790
801
719
700
716
692
701
695
697
689
692
697
699
1270
809
724
702
687
715
695
680
684
727
682
682
681
689
677
716
688
711
700
684
708
819
734
697
714
692
703
699
716
825
718
687
686
692
686
683
713
718
804
729
687
693
801
696
694
686
719
706
679
688
691
684
689
685
710
736
714
727
776
717
692
718
691
708
690
681
698
681
717
676
698
683
734
715
679
699
686
699
685
693
687
684
697
684
717
684
701
683
716
699
689
722
710
704
684
697
697
690
696
687
707
686
701
682
723
695
686
693
698
690
695
693
696
689
701
692
734
698
683
692
706
698
674
704
696
692
705
685
734
691
704
683
711
695
690
692
699
694
683
699
720
682
696
776
787
744
782
729
698
698
695
676
698
704
698
772
848
710
717
687
714
681
683
709
842
736
690
720
694
773
709
703
702
677
698
694
683
694
683
696
692
690
674
719
678
690
696
725
715
682
705
716
690
704
679
703
674
716
679
703
699
684
695
707
705
681
692
711
681
697
698
711
680
704
685
686
692
685
697
695
697
677
691
697
675
692
708
699
686
712
758
696
694
683
808
715
726
697
712
712
686
710
706
698
684
840
732
689
705
711
698
677
688
725
684
706
767
721
695
739
712
692
699
697
695
692
685
696
684
725
683
706
678
721
712
683
694
689
703
711
703
713
825
708
723
695
711
703
688
723
692
694
694
683
710
719
712
677
709
693
690
703
735
708
725
707
696
679
695
705
701
685
714
678
708
700
685
688
696
734
785
785
908
815
772
701
712
694
720
685
697
724
709
701
714
703
711
702
676
680
718
673
697
675
718
690
758
709
698
688
683
700
698
686
698
683
717
687
698
683
701
688
682
696
697
700
674
698
685
709
696
689
698
687
691
679
714
681
684
691
706
691
680
701
700
691
687
682
702
680
699
682
726
699
696
698
689
692
674
698
703
703
689
680
693
685
692
676
720
676
688
692
686
697
673
701
687
828
729
690
735
728
686
707
686
715
682
816
713
699
713
710
687
699
684
728
678
705
705
731
696
680
707
693
697
688
682
711
684
693
683
734
681
682
698
693
697
685
708
682
699
691
714
708
684
763
823
730
689
701
697
833
702
690
703
722
693
689
703
701
716
724
700
709
684
701
697
680
693
683
705
681
696
682
717
694
673
698
730
699
679
697
693
716
846
758
764
733
690
698
682
720
680
685
827
697
691
689
720
687
692
695
709
709
713
683
693
694
707
702
709
697
703
716
711
696
684
702
717
685
694
681
715
691
713
700
698
744
681
703
701
719
711
689
721
681
691
682
715
692
679
699
707
690
689
706
701
696
700
688
711
678
699
678
721
681
676
688
714
698
710
695
699
693
692
678
714
674
700
679
717
675
702
717
697
694
682
693
698
689
698
682
690
680
710
672
715
677
722
696
703
698
682
697
702
716
697
690
822
740
806
719
692
714
707
695
694
680
702
686
698
692
734
695
682
697
734
730
829
702
716
689
716
688
697
701
693
692
677
699
705
693
703
703
746
696
717
704
711
817
722
697
707
723
686
694
685
767
718
697
684
689
702
682
685
701
708
692
696
712
689
786
692
710
688
697
697
697
691
682
696
693
691
683
686
712
682
705
688
714
681
695
698
705
808
713
708
689
717
693
699
727
687
713
684
696
702
700
680
688
733
694
699
826
740
706
718
691
694
701
703
698
683
703
694
707
700
687
728
682
703
686
708
704
680
708
725
728
691
705
708
679
700
691
715
678
705
679
693
815
726
692
711
723
696
689
695
740
823
709
699
707
717
714
686
707
726
686
695
687
719
686
695
681
690
706
687
701
701
720
685
680
706
682
701
688
711
690
689
709
693
691
706
693
684
698
679
696
716
677
695
676
745
687
722
703
697
703
681
699
694
688
677
683
704
685
698
682
705
688
692
725
702
688
682
722
694
701
682
680
708
682
699
686
723
697
687
697
680
700
676
700
679
698
696
701
702
702
697
731
695
682
683
709
677
688
680
717
673
694
691
700
691
688
694
707
688
680
681
717
689
696
688
701
690
699
698
709
703
678
858
702
699
708
708
701
689
697
703
688
699
717
732
844
755
714
700
710
682
700
687
689
699
681
729
709
705
684
720
951
840
759
773
721
727
719
713
714
698
722
687
768
684
708
701
698
712
702
709
716
753
683
692
801
692
716
693
708
709
697
710
705
706
686
701
712
698
707
694
722
774
824
708
726
760
718
696
686
720
704
685
697
695
823
683
685
809
689
699
709
685
697
690
701
696
698
693
681
848
719
820
700
729
689
705
701
682
703
707
709
682
684
817
757
702
706
722
693
702
708
720
685
698
709
689
698
686
723
684
811
701
686
684
686
680
687
679
713
691
697
697
760
705
688
688
706
682
718
687
711
683
708
673
714
700
696
769
715
700
689
725
719
908
715
757
765
688
747
688
703
698
673
694
690
693
686
706
691
675
685
686
743
721
747
690
705
718
708
716
702
724
675
701
709
700
712
683
831
685
903
752
725
796
702
700
721
724
721
711
796
801
702
706
774
712
692
708
725
694
698
689
733
706
693
710
724
753
696
702
706
689
698
680
735
687
725
684
686
697
678
703
693
702
682
700
710
685
793
727
721
719
691
713
705
695
707
700
700
683
686
710
684
696
706
714
689
701
694
709
717
691
729
695
703
696
679
707
684
693
680
719
689
669
690
707
703
680
698
693
687
678
685
781
679
713
676
699
670
704
696
702
697
676
693
692
703
691
687
716
678
686
677
731
675
688
701
709
719
686
710
726
744
699
705
736
722
695
688
716
687
688
696
722
717
715
705
747
719
701
741
745
707
708
714
736
685
728
734
714
737
721
735
708
730
781
791
862
875
790
800
808
750
813
835
769
753
774
823
714
708
708
779
812
742
847
859
794
821
754
838
793
838
820
789
890
735
882
776
741
759
865
880
768
789
752
754
908
833
851
816
758
789
788
832
738
746
757
724
753
733
782
757
787
781
777
800
754
786
765
864
819
896
787
788
695
721
708
734
703
752
706
692
741
699
714
739
727
702
730
719
682
782
706
683
733
693
708
703
847
804
835
757
837
758
714
717
805
775
732
725
718
699
707
783
830
718
737
842
745
707
782
730
737
850
1537
768
701
696
700
813
765
697
708
713
711
687
685
706
684
703
700
731
682
696
686
728
781
1753
1686
794
704
739
689
809
737
694
712
690
687
697
690
733
684
706
685
726
723
690
706
825
819
695
697
692
695
708
687
693
698
702
685
695
881
730
714
692
686
695
681
712
690
698
679
704
689
683
692
733
707
696
703
719
688
707
695
709
682
696
682
714
691
679
712
694
693
682
688
694
678
713
685
725
686
862
722
715
696
807
925
709
711
689
727
697
711
737
864
718
711
803
859
717
720
705
688
699
699
704
792
722
737
698
704
715
742
687
697
704
704
700
684
697
696
687
693
670
707
677
695
686
722
692
695
702
705
695
680
696
695
694
687
677
717
679
696
687
757
690
696
701
705
711
684
700
705
685
699
675
716
699
743
683
710
703
690
699
685
702
707
706
718
684
699
685
745
678
695
696
692
686
680
697
692
707
675
688
704
713
697
674
735
687
703
700
700
690
676
697
688
695
688
675
730
687
689
805
762
720
721
691
729
694
710
694
706
698
687
696
707
707
686
695
728
695
699
684
711
682
697
690
729
697
684
698
702
695
678
686
730
682
739
684
729
687
701
708
685
692
685
698
691
689
676
685
690
672
698
672
734
680
709
694
717
694
713
817
734
697
698
711
694
696
686
705
683
759
710
705
800
723
695
709
739
701
718
711
724
689
707
735
696
696
681
697
689
701
698
689
722
685
700
683
723
695
710
697
696
698
683
696
725
682
697
679
717
681
693
688
698
706
687
694
711
699
674
700
716
686
700
690
706
685
695
673
731
737
745
751
705
719
728
834
775
828
743
755
719
716
694
738
699
681
711
684
710
687
719
705
681
711
697
732
695
700
721
689
698
683
703
682
695
676
709
695
693
739
710
711
689
688
724
687
709
692
813
708
718
701
847
759
705
703
708
687
699
695
688
702
682
705
686
714
680
684
732
801
724
701
720
711
700
697
685
723
688
727
697
843
820
698
685
690
700
690
691
697
694
689
696
693
722
708
687
726
682
690
700
712
701
680
701
703
695
698
690
845
732
676
705
689
714
709
687
707
703
698
680
699
721
680
701
688
721
692
703
680
711
728
692
699
711
707
680
685
717
685
697
677
715
680
688
682
701
688
686
693
722
721
820
727
751
697
701
686
718
676
692
701
720
695
689
704
694
705
675
742
752
700
682
680
719
683
804
754
698
806
715
705
684
678
699
709
675
705
734
811
737
731
696
710
700
796
739
699
684
714
682
704
683
717
682
701
700
716
822
811
726
720
714
752
691
715
691
706
687
701
684
678
690
699
828
730
709
727
732
687
710
691
709
704
692
698
692
779
681
695
723
682
698
678
699
685
701
719
819
704
717
696
731
692
704
686
703
689
690
693
686
695
690
707
724
681
704
771
742
686
684
702
701
693
688
699
707
689
700
686
731
699
701
680
715
675
691
719
729
688
681
699
693
693
697
691
720
816
716
680
701
704
700
680
698
721
692
731
833
706
717
699
736
683
690
695
691
700
695
732
711
697
694
748
706
698
780
685
719
695
678
701
697
696
674
692
697
679
691
691
715
692
707
687
725
692
677
693
684
698
675
730
713
682
694
678
705
681
697
682
707
703
680
728
694
695
674
699
684
683
698
680
696
670
702
680
716
698
677
692
725
706
689
712
708
675
699
814
804
788
753
743
700
713
689
720
711
695
723
756
713
696
698
701
683
706
686
707
682
679
712
696
691
682
708
685
703
692
712
729
683
713
683
716
701
678
700
694
699
689
710
695
679
694
695
706
680
705
679
719
679
684
692
708
731
689
695
689
686
698
684
706
679
702
686
721
695
684
699
710
701
673
703
704
684
693
676
716
684
704
697
705
702
680
705
697
699
677
686
697
679
684
677
717
683
691
684
711
681
700
705
728
693
681
695
828
700
693
720
706
699
689
704
729
693
698
689
720
689
697
683
699
691
683
695
718
707
684
693
903
757
712
730
699
707
704
692
701
691
708
688
697
737
690
711
682
702
680
718
694
683
700
702
693
719
706
720
810
762
721
697
688
695
692
701
683
705
711
686
702
926
FALCON1024
1253
1256
1185
1169
2239
1846
1711
1553
1219
1180
1329
1280
2161
2038
1203
1180
1125
1164
2630
2261
1301
1289
1784
1148
1638
1944
1183
1170
1253
1159
1156
1134
1481
1160
1125
1368
1172
1143
1187
1172
1138
1159
1152
1143
1129
1175
1136
1145
1704
1144
1159
1150
1182
1149
1141
1249
1164
1155
1211
1168
1826
1190
1158
1153
1338
1172
1170
1123
1155
1135
1154
1245
1203
1153
1157
1179
1150
1141
1150
1138
1170
1159
1140
1149
1155
1132
1162
1142
1130
1123
1118
1101
1137
1119
1130
1282
2694
1262
1230
1149
1121
1123
1135
1109
1127
1116
1116
1129
1118
1126
1133
1141
1179
1188
1118
1100
1112
1117
1110
1132
1121
1117
1157
1125
1114
1125
1125
1112
1116
1105
1125
1149
1117
1148
1141
1113
1131
1102
1236
1230
1233
1166
1151
1137
1228
1200
1197
1194
1193
1192
1191
1196
1194
1180
1210
1191
1202
1206
1172
1227
1139
1130
1126
1131
1121
1141
1112
1107
1122
1123
1106
1122
1130
1112
1127
1163
1206
1214
1198
1206
1192
1195
1217
1198
1212
1207
1201
1221
1195
1232
1232
1192
1178
1173
1121
1114
1119
1113
1109
1108
1114
1097
1105
1148
1114
1193
1166
1127
1118
1148
1113
1116
1133
1115
1109
1161
1116
1120
1135
1116
1108
1117
1103
1131
1133
1123
1126
1218
1119
1207
1118
1131
1118
1132
1113
1151
1118
1121
1148
1125
1146
1141
1119
1120
1135
1117
1125
1140
1120
1118
1121
1176
1156
1133
1130
1158
1127
1129
1116
1125
1109
1116
1116
1098
1119
1112
1113
1122
1113
1115
1131
1119
1120
1136
1125
1142
1116
1124
1129
1119
1125
1113
1101
1121
1130
1241
1211
1147
1132
1129
1117
1180
1136
1138
1125
1120
1237
1138
1130
1118
1124
1114
1120
1114
1123
1135
1150
1117
1218
1129
1121
1148
1117
1117
1148
1113
1117
1150
1100
1104
1127
1112
1112
1127
1131
1136
1170
1141
1142
1125
1105
1111
1115
1093
1085
1118
1104
1108
1133
1109
1116
1145
1114
1109
1176
1114
1130
1138
1112
1107
1131
1112
1112
1120
1101
1116
1112
1125
1115
1107
1128
1118
1125
1127
1163
1115
1105
1136
1111
1110
1133
1114
1095
1124
1117
1108
1139
1109
1117
1157
1121
1154
1199
1277
1159
1126
1131
1121
1118
1119
1116
1103
1119
1138
1114
1132
1267
1152
1120
1141
1130
1107
1170
1105
1114
1118
1093
1095
1140
1112
1117
1149
1126
1147
1129
1119
1138
1161
1121
1110
1132
1141
1137
1137
1099
1101
1149
1112
1106
1134
1116
1142
1235
1144
1123
1103
1108
1121
1129
1116
1116
1120
1243
1240
1122
1131
1257
1245
1194
1181
1245
1201
1201
1195
1195
1208
1110
1109
1105
1113
1116
1173
1134
1145
1132
1114
1115
1164
1217
1199
1279
1186
1202
1187
1202
1300
1215
1240
1206
1157
1120
1150
1115
1240
1187
1179
1204
1193
1226
1252
1140
1202
1137
1143
1134
1112
1108
1128
1115
1155
1112
1115
1129
1164
1122
1115
1106
1119
1112
1123
1141
1119
1084
1119
1112
1108
1127
1113
1137
1167
1133
1116
1132
1120
1109
1126
1096
1110
1118
1140
1175
1110
1117
1140
1112
1105
1122
1123
1117
1244
1151
1147
1128
1125
1112
1112
1113
1116
1123
1177
1108
1134
1113
1116
1159
1116
1124
1140
1117
1106
1273
1179
1145
1127
1131
1093
1093
1118
1140
1119
1329
1255
1139
1124
1165
1115
1123
1132
1116
1129
1151
1119
1113
1143
1119
1099
1133
1103
1108
1158
1110
1110
1134
1108
1118
1125
1103
1098
1117
1101
1137
1127
1117
1124
1128
1103
1128
1155
1123
1120
1122
1114
1114
1127
1106
1111
1124
1102
1123
1145
1187
1116
1143
1118
1097
1124
1106
1101
1712
1113
1094
1102
1119
1117
1159
1131
1114
1092
1124
1099
1104
1141
1134
1122
1183
1149
1106
1122
1123
1110
1115
1123
1118
1126
1115
1133
1117
1105
1115
1126
1137
1132
1115
1657
1118
1120
1120
1108
1256
1164
1122
1142
1124
1122
1207
1126
1123
1215
1161
1185
1147
1133
1130
1142
1093
1102
1142
1128
1111
1130
1110
1125
1142
1133
1156
1140
1239
1143
1150
1138
1105
1108
1127
1110
1123
1131
1116
1120
1124
1124
1127
1121
1224
1141
1130
1126
1282
1149
1131
1121
1119
1126
1158
1130
1112
1137
1114
1120
1165
1122
1129
1158
1127
1113
1113
1083
1116
1286
1127
1126
1126
1105
1131
1134
1107
1114
1298
1146
1130
1135
1133
1116
1117
1104
1109
1130
1121
1131
1201
1134
1127
1140
1113
1165
1135
1107
1118
1125
1170
1163
1119
1109
1122
1100
1109
1130
1146
1122
1134
1107
1113
1268
1147
1142
1122
1115
1144
1110
1210
1145
1128
1132
1114
1119
1140
1140
1107
1131
1187
1274
1164
1138
1124
1129
1159
1108
1109
1135
1112
1130
1124
1105
1099
1139
1115
1180
1146
1121
1245
1144
1126
1127
1120
1129
1115
1110
1115
1114
1121
1149
1126
1166
1156
1121
1218
1128
1105
1144
1095
1116
1168
1151
1126
1130
1117
1126
1140
1124
1112
1142
1137
1146
1146
1148
1128
1115
1115
1120
1115
1113
1126
1500
1217
1109
1107
1128
1125
1107
1132
1110
1118
1179
1147
1123
1135
1116
1112
1139
1098
1111
1137
1107
1119
1498
1185
1314
1136
1130
1109
1135
1132
1139
1112
1131
1105
1111
1115
1125
1166
1266
1151
1197
1132
1134
1136
1111
1120
1178
1699
1119
1109
1126
1145
1113
1157
1134
1125
1116
1176
1117
1120
1147
1116
1119
1142
1122
1105
1106
1122
1108
1120
1117
1145
1129
1126
1129
1119
1123
1120
1132
1123
1115
1142
1105
1119
1141
1112
1132
1135
1118
1238
1123
1130
1131
1118
1130
1149
1096
1131
1122
1138
1112
1138
1106
1122
1126
1139
1157
1202
1145
1129
1139
1127
1128
1128
1112
1122
1138
1116
1114
1240
1126
1716
1239
1251
1160
1133
1141
1119
1137
1160
1232
1142
1127
1128
1134
1113
1126
1110
1115
1175
1154
1132
1147
1114
1141
1148
1105
1090
1135
1101
1096
1123
1108
1112
1126
1118
1130
1260
1144
1127
1133
1124
1107
1126
1103
1103
1100
1113
1111
1124
1108
1106
1156
1127
1118
1281
1142
1136
1132
1122
1121
1123
1122
1148
1134
1104
1108
1133
1113
1110
1121
1127
1143
1137
1116
1114
1130
1128
1114
1124
1118
1107
1109
1101
1125
1126
1117
1110
1131
1108
1129
1149
1112
1111
1234
1163
1687
1102
1098
1127
1113
1103
1124
1134
1129
1163
1112
1130
1702
1106
1127
1110
1102
1116
1110
1107
1131
1131
1101
1125
1127
1118
1130
1132
1133
1146
1117
1118
1139
1110
1106
1119
1108
1119
1133
1118
1108
1214
1153
1168
1160
1330
1164
1125
1134
1146
1251
1140
1122
1228
1127
1140
1126
1127
1123
1123
1662
1181
1133
1331
1164
1128
1161
1119
1130
1146
1110
1123
1136
1115
1111
1143
1119
1129
1182
1145
1126
1125
1123
1152
1122
1112
1118
1102
1106
1144
1113
1114
1124
1116
1109
1169
1137
1116
1110
1132
1150
1142
1216
1123
1125
1144
1118
1114
1151
1128
1232
1142
1171
1243
1121
1115
1132
1119
1131
1131
1126
1142
1143
1106
1111
1127
1118
1113
1128
1118
1150
1125
1110
1113
1105
1112
1109
1132
1106
1096
1134
2017
1212
1132
1121
1219
1217
1157
1139
1226
1130
1102
1128
1127
1133
1116
1120
1120
1188
1144
1120
1232
1190
1125
1147
1134
1127
1136
1117
1148
1229
1147
1124
1125
1129
1150
1135
1176
1131
1124
1122
1139
1130
1144
1120
1122
1111
1109
1105
1124
1130
1119
1134
1116
1128
1215
1140
1134
1132
1238
1150
1125
1142
1125
1107
1126
1103
1114
1147
1118
1111
1143
1140
1199
1234
1191
1194
1186
1186
1176
1179
1205
1223
1203
1204
1189
1228
1273
1198
1198
1193
1204
1220
1192
1192
1198
1190
1207
1205
1305
1202
1198
1185
1172
1198
1219
1194
1196
1197
1194
1209
1195
1190
1247
1690
1132
1136
1117
1282
1194
1221
1197
1138
1122
1112
1119
1124
1134
1256
1144
1126
1712
1111
1221
1133
1116
1138
1327
1309
1299
1164
1134
1150
1226
1235
1249
1240
1202
1181
1211
1214
1157
1174
1167
1141
1189
1184
1256
1474
1241
1278
1233
1489
1407
1250
1268
1219
1168
1274
1221
1215
1239
1262
1156
1150
1300
1291
1218
1329
1244
1238
1227
1248
1209
1217
1507
1172
1175
1166
1166
1171
1378
1239
1228
1337
1323
1403
1223
1668
1219
1247
1234
1462
1208
1227
1229
1281
1236
1241
1181
1214
1746
1239
1209
1216
1343
1340
1250
1253
1169
1194
1255
1830
1275
1317
1171
1189
1155
1150
1157
1186
1646
1191
1162
1143
1237
1136
1195
1117
1125
1119
1147
1135
1131
1131
1136
1325
2234
2671
1385
1130
1124
1118
1116
1106
1123
1110
1124
1248
1210
1243
1165
1131
1120
1114
1125
1128
1115
1126
1143
1115
1128
1111
1124
1181
1143
1125
1129
1119
1116
1124
1111
1113
1187
1098
1094
1121
1108
1110
1115
1134
1109
1161
1116
1104
1120
1108
1117
1136
1110
1109
1156
1107
1114
1127
1104
1109
1129
1091
1102
1124
1117
1119
1138
1108
1116
1118
1109
1113
1133
1108
1107
1184
1110
1139
1131
1113
1111
1133
1102
1109
1118
1125
1099
1090
1105
1106
1112
1117
1132
1108
1116
1124
1128
1123
1139
1116
1136
1131
1121
1114
1110
1110
1114
1128
1115
1144
1653
1122
1121
1113
1136
1129
1141
1158
1118
1123
1132
1110
1117
1140
1106
1113
1152
1127
1232
1128
1105
1095
1129
1122
1120
1138
1139
1126
1148
1113
1109
1119
1117
1116
1118
1117
1110
1125
1115
1141
1139
1138
1116
1120
1119
1109
1129
1105
1101
1111
1137
1129
1120
1126
1109
1127
1127
1108
1182
1119
1102
1306
1134
1125
1141
1122
1158
1137
1102
1107
1138
1107
1109
1128
1115
1168
1146
1115
1248
1156
1124
1124
1123
1131
1130
1121
1158
1114
1115
1132
1109
1120
1246
1133
1118
1137
1116
1122
1139
1131
1116
1121
1112
1116
1134
1091
1135
1132
1122
1118
1164
1107
1111
1144
1119
1108
1140
1113
1110
1100
1107
1101
1141
1116
1121
1125
1133
1101
1135
1100
1111
1113
1111
1109
1117
1111
1178
1307
1160
1158
1123
1127
1157
1133
1222
1141
1116
1127
1107
1100
1112
1121
1114
1111
1126
1113
1110
1134
1127
1120
1125
1117
1141
1131
1110
1274
1182
1130
1132
1129
1133
1112
1119
1125
1120
1116
1153
1124
1128
1171
1124
1119
1143
1123
1143
1139
1113
1244
1136
1123
1143
1097
1139
1140
1120
1130
1193
1248
1120
1116
1129
1104
1108
1140
1091
1093
1186
1121
1126
1143
1113
1109
1125
1155
1123
1119
1177
1113
1141
1119
1109
1122
1109
1118
1144
1107
1097
1158
1104
1129
1149
1135
1115
1141
1117
1130
1143
1130
1127
1135
1101
1114
1151
1116
1104
1136
1114
1172
1140
1137
1131
1124
1116
1123
1123
1115
1113
1129
1114
1102
1120
1105
1139
1129
1106
1099
1113
1264
1122
1127
1142
1111
1126
1127
1125
1104
1119
1120
1125
1202
1123
1130
1126
1133
1221
1130
1120
1106
1110
1155
1126
1119
1140
1119
1111
1138
1117
1122
1130
1117
1112
1196
1131
1122
1131
1120
1114
1115
1102
1104
1199
1115
1097
1122
1104
1101
1132
1125
1167
1132
1122
1145
1107
1128
1121
1122
1119
1105
1125
1099
1106
1126
1120
1111
1133
1107
1160
1116
1112
1114
1098
1120
1133
1106
1113
1135
1116
1115
1130
1684
1104
1110
1089
1115
1254
1144
1123
1130
1107
1096
1157
1115
1107
1237
1141
1118
1136
1123
1099
1121
1133
1259
1141
1141
1158
1124
1123
1121
1114
1114
1151
1125
1113
1136
1120
1114
1130
1121
1156
1139
1126
1120
1134
1113
1120
1123
1103
1131
1135
1113
1135
1139
1115
1119
1138
1126
1221
1149
1126
1119
1121
1127
1132
1116
1119
1267
1114
1116
1130
1132
1119
1131
1136
1127
1718
1218
1193
1136
1143
1112
1113
1132
1105
1113
1142
1187
1121
1151
1134
1155
1163
1117
1121
1133
1116
1123
1126
1116
1123
1125
1115
1094
1129
1098
1109
1106
1116
1148
1122
1100
1133
1133
1124
1118
1121
1099
1117
1135
1115
1108
1150
1125
1111
1147
1118
1134
1113
1102
1094
1123
1120
1129
1120
1112
1127
1120
1124
1143
1116
1121
1122
1114
1137
1127
1110
1122
1121
1129
1140
1210
1140
1112
1124
1139
1103
1113
1124
1176
1180
1109
1103
1113
1106
1109
1115
1105
1140
1116
1118
1108
1117
1126
1107
1110
1146
1138
1103
1122
1104
1095
1133
1122
1121
1125
1118
1139
1131
1113
1154
1188
1142
1149
1162
1151
1109
1136
1133
1121
1120
1121
1120
1113
1118
1107
1268
1151
1215
1130
1124
1132
1119
1097
1121
1231
1121
1119
1092
1095
1091
1155
1121
1129
1160
1121
1248
1148
1136
1142
1112
1122
1124
1116
1104
1101
1265
1122
1105
1110
1119
1151
1138
1128
1111
1138
1126
1129
1135
1120
1107
1144
1143
1145
1129
1104
1126
1148
1142
1122
1147
1115
1111
1132
1116
1107
1131
1103
1105
1124
1103
1123
1117
1114
1118
1710
1231
1730
1146
1164
1139
1127
1121
1131
1142
1125
1229
1135
1125
1126
1130
1157
1184
1127
1122
1145
1121
1113
1143
1127
1102
1106
1105
1104
1135
1117
1106
1147
1120
1155
1119
1115
1143
1104
1115
1124
1110
1120
1126
1147
1125
1123
1109
1124
1131
1119
1112
1159
1121
1092
1159
1087
1107
1124
1111
1117
1123
1120
1119
1153
1113
1176
1131
1118
1163
1124
1104
1139
1112
1108
1139
1224
1137
1137
1127
1124
1112
1110
1118
1115
1146
1150
1254
1128
1130
1134
1113
1124
1127
1116
1111
1137
1116
1107
1133
1119
1116
1138
1140
1130
1118
1115
1127
1140
1106
1111
1137
1103
1106
1137
1118
1106
1128
1123
1134
1129
1114
1138
1164
1112
1109
1133
1107
1111
1113
1111
1115
1117
1112
1121
1132
1114
1109
1151
1146
1114
1139
1109
1133
1132
1106
1109
1125
1115
1101
1123
1095
1090
1115
1118
1105
1124
1135
1130
1146
1124
1106
1128
1132
1106
1122
1105
1115
1105
1121
1111
1122
1123
1265
1257
1169
1134
1128
1127
1136
1131
1114
1168
1127
1105
1673
1110
1116
1677
1114
1147
1158
1126
1122
1243
1167
1131
1121
1112
1128
1122
1143
1148
1145
1124
1119
1150
1239
1179
1139
1140
1119
1231
1176
1114
1120
1123
1103
1095
1096
1115
1100
1293
1130
1141
1126
1116
1123
1128
1263
1140
1132
1161
1120
1122
1144
1114
1116
1122
1162
1167
1130
1203
1107
1121
1120
1132
1112
1120
1111
1105
1113
1141
1152
1119
1117
1113
1112
1117
1166
1151
1115
1098
1142
1105
1117
1128
1115
1117
1138
1130
1110
1148
1119
1266
1213
1196
1247
1154
1124
1259
1136
1122
1324
1173
1124
1124
1121
1122
1144
1120
1112
1127
1131
1169
1128
1112
1151
1126
1121
1113
1107
1111
1118
1135
1121
1120
1132
1107
1105
1101
1112
1149
1142
1111
1112
1149
1123
1124
1137
1109
1120
1153
1114
1118
1115
1135
1112
1127
1111
1146
1128
1116
1117
1130
1116
1125
1116
1102
1106
1134
1103
1102
1131
1125
1126
1125
1118
1157
1123
1127
1113
1139
1128
1105
1110
1101
1137
1162
1113
1107
1137
1111
1100
1112
1141
1137
1115
1252
1151
1147
1132
1136
1123
1120
1129
1125
1143
1138
1119
1122
1103
1122
1234
1143
1151
1203
1116
1109
1130
1097
1114
1125
1110
1117
1118
1107
1152
1149
1123
1152
1137
1114
1115
1149
1120
1112
1128
1110
1260
1148
1144
1139
1127
1138
1245
1170
1151
1129
1132
1152
1113
1112
1150
1109
1118
1127
1112
1096
1115
1118
1126
1122
1109
1148
1132
1141
1120
1136
1107
1124
1128
1108
1120
1133
1105
1099
1123
1105
1107
1135
1120
1228
1115
1115
1142
1147
1099
1111
1095
1126
1133
1125
1117
1122
1122
1126
1131
1128
1122
1151
1112
1116
1114
1127
1100
1153
1106
1115
1121
1106
1109
1119
1097
1110
1122
1106
1138
1137
1116
1120
1112
1115
1107
1211
1126
1151
1132
1110
1101
1145
1115
1113
1122
1119
1139
1129
1111
1115
1129
1120
1123
1126
1103
1102
1118
1122
1117
1130
1109
1128
1132
1119
1151
1139
1100
1125
1127
1109
1116
1132
1113
1100
1118
1104
1120
1137
1184
1320
1180
1199
1145
1193
1205
1208
1184
1310
1516
1175
1316
1140
1152
1150
1141
1151
1157
1189
1159
1147
1147
1726
1142
1120
1150
1182
1310
1214
1112
1103
1119
1105
1132
1165
1106
1262
1248
1205
1199
1150
1234
1189
1153
1201
1222
1148
1180
1142
1324
1195
1192
1177
1238
1200
1224
1200
1156
1132
1205
1162
1306
1159
1214
1256
1277
1749
1219
1266
1202
1247
1143
1134
1200
1157
1122
1173
1234
1127
1155
1131
1130
1240
1240
1236
1163
1175
1158
1143
1270
1266
1237
1157
1198
1221
1366
1199
1172
1258
1253
1178
1200
1145
1246
1292
1229
1190
1216
1154
1164
1181
1171
1169
1167
1158
1260
1250
1198
1284
1191
1274
1193
1193
1156
1233
1148
1157
1152
1157
1136
1254
1194
1196
1157
1170
1171
1257
1159
1148
1134
1125
1129
1117
1123
1425
1144
1157
1142
1119
1125
1111
1114
1116
1157
1312
2545
1216
1163
1131
1124
1126
1150
1164
1122
1120
1153
1122
1119
1113
1119
1117
1118
1114
1116
1129
1113
1127
1139
1116
1155
1139
1085
1259
1135
1109
1122
1101
1091
1128
1136
1114
1141
1117
1130
1160
1117
1108
1138
1126
1111
1116
1118
1112
1126
1102
1125
1137
1118
1124
1148
1117
1117
1131
1098
1106
1695
1115
1116
1109
1113
1138
1125
1114
1135
1117
1113
1103
1092
1121
1144
1109
1104
1127
1117
1115
1134
1103
1107
1119
1099
1101
1121
1113
1108
1114
1104
1114
1142
1107
1121
1108
1105
1104
1128
1129
1153
1258
1140
1196
1115
1102
1101
1125
1149
1153
1120
1874
Ed25519
ML-DSA-44
ML-DSA-65
ML-DSA-87
SLH_DSA_SHA2_128s
SLH_DSA_SHAKE_128s
SLH_DSA_SHA2_128f
SLH_DSA_SHAKE_128f
SLH_DSA_SHA2_192s
SLH_DSA_SHAKE_192s
SLH_DSA_SHA2_192f
SLH_DSA_SHAKE_192f
SLH_DSA_SHA2_256s
Ed25519
ML-DSA-44
ML-DSA-65
ML-DSA-87
SLH_DSA_SHA2_128s
SLH_DSA_SHAKE_128s
SLH_DSA_SHA2_128f
SLH_DSA_SHAKE_128f
SLH_DSA_SHA2_192s
SLH_DSA_SHAKE_192s
SLH_DSA_SHA2_192f
SLH_DSA_SHAKE_192f
SLH_DSA_SHA2_256s
SLH_DSA_SHAKE_256s
SLH_DSA_SHA2_256f
SLH_DSA_SHAKE_256f
FALCON512
FALCON1024
Ed25519
ML-DSA-44
ML-DSA-65
ML-DSA-87
SLH_DSA_SHA2_128s
